,23,32,35,36,37,50,53,55,57,59,63,67,69,74,77,81,82,83,84,85,93,98,99,104,106,107,109,113,114,115,117,165,166,198,199,233,234,240,241,249,251,252,254,256,261,262,263,302,306,317,325,334,335,336,337,342,345,346,351,353,354,365,380,383,404,406,411,416,419,420,421,424,425,426,428,435
23,1.0,-0.48967423921805675,0.6615400273214567,0.2067203478113089,0.6048939625938116,0.7384589685273937,0.8406545805683525,0.8427623794587793,0.8196085281220152,0.4208327598034594,0.7079451333823885,0.5365316263364682,0.43621911676462477,0.390984418016353,0.6393649925753428,0.44658317967992106,0.30918938671107676,0.7646634693904156,0.572800427445719,0.551036927035168,0.19599014928978462,0.7433699257857027,0.520795150903968,0.6595407486550091,0.08638073926642165,0.8478842675472228,0.5285731101379973,-0.09615997202852139,0.7274549259007183,0.8118708016476954,0.5733242073488918,0.5069183831602926,-0.16650144239046397,0.07255538526032759,0.6557673017607869,0.5176814473872936,0.6129543993795635,0.6805334890589365,0.23799973271673563,0.5091770695659259,0.42151768913720944,0.5289451525672454,0.6803643578279012,0.7336289566340454,0.5042836005051827,0.5743336992615434,0.7315081329218903,0.023139066442133885,0.35573892303469495,0.04283772204819977,-0.13097765289552254,0.8308554830234391,0.7489311843372415,0.4974097278203259,0.6807719673580921,0.48988988824107366,0.0018551399793277075,0.46062156323544307,0.7123090594105669,0.22009183343634267,0.36857396547380333,0.5455116723250706,0.3347044202029086,0.31958176685236606,0.2049994382937582,0.20168317681680184,0.5972673595066819,0.29598102929358566,0.4104550813863327,0.18542870226791572,0.6939038916270029,0.7200255164359285,0.825029075779544,0.4553075002771661,0.6325102338743528,0.30896876580203514
32,-0.48967423921805675,1.0,-0.5964494546420042,0.0868944042916187,0.18152773617196102,-0.04866925504743333,-0.35384301868352236,-0.1702363805861069,-0.15453647958654843,-0.06627016157029439,-0.17331122261385218,0.4216965817805571,0.32461820783425543,0.17361625644150194,-0.17852113378121734,-0.24616758591193993,-0.032372315351540455,-0.22581471993471036,-0.0736655156541826,-0.22108491391614649,-0.015653713547882135,-0.1990489906840347,0.2723943998064326,-0.15649216088985704,0.4772697872313741,-0.4423736480169024,0.09651913208419698,0.6292410302112996,-0.12876173181806602,-0.2454628258440604,-0.13103603332700664,-0.03966783183836922,0.3947581891004768,0.27482245500627506,-0.5945013181624219,0.10703296396739116,-0.11338295724876075,-0.032359530078797036,0.22262429040051143,0.10244543842385716,0.30043308391567125,0.01723847319716768,-0.25930105645647333,-0.18732189666679339,0.06656421060621323,0.2163740314933248,0.08156393812883962,0.2742379855066427,-0.10304114871618242,0.6067902015135713,0.5483269466562147,-0.14204511559954566,-0.1309780526036546,-0.26172223960377466,0.04764368089593027,0.001138311583140534,0.5524566958460504,-0.0027285339145616564,-0.04155510913678754,0.4566118221165511,0.18106229659609446,-0.25038666209549915,0.056853064191986796,-0.30250171392335673,0.7145473655741081,0.057639114501851614,0.21551332468071333,0.2664871473082101,0.33727870430327805,0.14362349079524922,-0.13076660824158148,-0.09322184551448282,-0.28050900911089693,0.035892400917224634,-0.39065599265503953,0.06802268184617181
35,0.6615400273214567,-0.5964494546420042,1.0,0.0365906313860021,0.253894161915759,0.6999355800168799,0.753504878422795,0.7199865579718215,0.7100969080322771,0.5255926581245768,0.4266884267923974,0.05159176597165409,-0.12160200083455722,-0.20979150228215832,0.7775521146246747,0.5249340463557212,0.41098412531877027,0.6722894095586266,0.5364964780741875,0.6274696211502148,0.45808444351131306,0.611770227778376,0.4633220814199103,0.4630015341485677,0.2633570174813715,0.27477559529314693,0.37817282750159104,-0.1260140870471031,0.5417815923994806,0.5798209205087589,0.21311002376888072,0.3412838079986991,-0.07617734000674915,0.02507699330631853,0.7349449282524714,0.31800445442541303,0.5514103591436754,0.40076482160459126,0.18164373053849575,0.44174517662426926,0.330689026682491,0.33222600482206266,0.6792125616100609,0.41348333416061,0.43107444462819955,0.5041357664513274,0.5090341665536453,-0.550084056917557,0.4982841044660876,-0.10149973561696944,-0.5437471875513289,0.5070579004048965,0.4073222469647299,0.7914953611929794,0.4224707651038994,0.3379430328900726,-0.30611764555154886,0.0010257965932982374,0.5136186246418917,-0.20747643282706857,-0.17072489112801717,0.7259534794302577,0.24955973609219423,0.19285613375783042,-0.23815680512049459,0.07527421816486345,0.1905339910448005,0.28453815528174814,0.42038127865975083,0.13674341205114615,0.5299592490412641,0.4922055943046068,0.831711522854992,0.002946720966945775,0.4050791086843338,0.17191262040934077
36,0.2067203478113089,0.0868944042916187,0.0365906313860021,1.0,0.18272073078334522,0.0575668268923834,0.3862102933353673,0.15633710402504153,0.045494243048462495,0.07529507174607376,0.2818421513378923,0.39542767508036447,-0.24116110868001653,-0.0005172452538351643,-0.04896980704484492,-0.13372586081964324,-0.43267312292704496,0.43986730740841856,0.20881605649167514,-0.06799241518885253,0.09108428367285762,-0.29892065422730935,0.0711873809027871,0.6785717436009118,0.17924113622832824,-0.01555518188121205,0.5883130779358794,-0.04464099673958867,-0.04375718362863806,-0.12187870467964138,-0.11168469542952444,0.8200783813149414,0.12482810803859458,-0.15813494063319314,-0.10521401745202766,-0.23988012713022377,0.4026105468865208,0.017546120089828796,0.09424600548884605,0.42696429533976926,-0.014723948656325892,0.8358519996080027,-0.2047226892612307,0.01450276679771292,-0.04090603308979794,0.23748578447394922,0.05130358656238825,-0.0433686527164965,-0.13271592525990544,-0.1802246789678712,-0.00925149127454197,0.22656244617168525,0.3678649775565213,-0.06093780198413971,0.7340747364539552,0.6058339660803356,0.0333893459831887,0.34020727908508314,-0.11204955392817886,-0.18960644597139126,-0.20006827038166733,0.312935055664453,-0.004525482767631753,0.009577243959953467,0.4555226739144786,0.9659102009290628,0.10921604542004634,0.20231636588074497,0.41073723804513373,0.03979951458645354,-0.17992474175691692,0.31037131768811116,0.16947718037217935,0.04484201032135463,-0.2317501934246872,0.44647389261219844
37,0.6048939625938116,0.18152773617196102,0.253894161915759,0.18272073078334522,1.0,0.7759975140804594,0.7282349947883789,0.6965224630862183,0.8230812529164123,0.6590715958549024,0.6103829540945385,0.8399771289701328,0.5832432910739411,0.3640099166630719,0.6546634742722148,0.03098499299769949,0.4109266730157743,0.5642916734990605,0.7236880351457238,0.16814966222259614,0.6292940393441108,0.6106802635462488,0.8018940335131564,0.2527089260333155,0.643084057549786,0.5859592810398507,0.49308188784764556,0.20976239883089776,0.7629465664735169,0.6881812935640217,0.7411740861547899,0.5125828819755571,0.08414050097387288,0.4460458335149762,0.522456161550713,0.47818679404579684,0.3992944274628747,0.8700452412969776,0.5640506645000799,0.4606232725391029,0.5158201463291268,0.323631645683149,0.7315737164263183,0.8717090178287985,0.6876737580549387,0.7275896238824748,0.8195292000009918,0.33495523521958687,0.1440077407992981,0.4614922231071758,0.33853416423839944,0.6852314399800364,0.6369620706216654,0.32099470174068356,0.5672562315868857,0.7267299326879889,0.5357220278981926,0.5368770603438829,0.8155536289376759,0.6831808686837647,0.4292360749101366,0.19518381986345104,0.33560226432836465,0.4081030974289082,0.6396346082900882,0.16913639914005302,0.7333318030621401,0.7564968246919358,0.5705382180020137,0.3927364362638544,0.7733077078409726,0.599689498493117,0.6394772274773637,0.6041680461316309,0.5368698881873539,0.7146162012712345
50,0.7384589685273937,-0.04866925504743333,0.6999355800168799,0.0575668268923834,0.7759975140804594,1.0,0.8210428692048213,0.9452123816871275,0.9520864958222067,0.6356654768471377,0.746103284190244,0.6791502830543518,0.47137522316761904,0.2840293049325531,0.8284134011250945,0.2956021950885513,0.469355157594187,0.7899403072646403,0.8504969041954256,0.4627553143148103,0.535345643819547,0.8628929891226829,0.840731258025432,0.42120241748914683,0.5833719286166037,0.4994784935087846,0.6596004459172502,0.23302043569683478,0.7526782356824123,0.8859592172537463,0.5886035059277049,0.5038702500073523,0.04234667233590463,0.4886682529305241,0.5566794691268429,0.7415508175125946,0.6079779391442225,0.8584958351769362,0.3393474685291475,0.5248896282913346,0.6175501370344314,0.4416378476594358,0.9040443520213779,0.7975829526470303,0.6672581074784576,0.7795099977605681,0.8900365872554546,-0.1820112267893863,0.3288604053847028,0.33044466022471786,-0.07356489123762136,0.8421486147606551,0.7474570789290745,0.5961976472568322,0.6301969854675807,0.596378315851887,0.1964415922555519,0.18617858315543354,0.9311837917088756,0.45761821813434994,0.33207745755365514,0.4901128025344879,0.293900007449761,0.18737522631586548,0.3751619162401838,0.11190437594404773,0.705906963413562,0.5593707718251121,0.6469902884326876,0.2779199373911618,0.7627606539891756,0.8065299312364227,0.8845997740313046,0.5103650640002128,0.4039370717736631,0.43365871818017937
53,0.8406545805683525,-0.35384301868352236,0.753504878422795,0.3862102933353673,0.7282349947883789,0.8210428692048213,1.0,0.8426240512103798,0.8700051840623603,0.7332809925607234,0.6632124356166684,0.5420325981845191,0.2151345733248649,0.15316437954764972,0.7525963607661069,0.28371485050269485,0.40287188756751363,0.7735526136881002,0.7403998920653297,0.44754676361350626,0.5766134469927593,0.6549262753756424,0.6853623703593119,0.6310680847801626,0.476933927382752,0.577509326170716,0.6722048925563876,-0.18517110231144274,0.7617559470022925,0.6920212740260994,0.564106398562759,0.7407838384015909,0.057865721441752165,0.10644018111192999,0.7387769555160493,0.31323457481331585,0.5396718047136397,0.7019417695883937,0.3657321091563302,0.6196976824061495,0.46478679798188627,0.5976545353718544,0.7476103573420595,0.7616665583586116,0.6835105426967841,0.6973982152678118,0.7392046176007753,-0.04119494170828599,0.3253333719241561,0.12509635889683665,-0.053452208989824994,0.7104902716505345,0.6745903436246907,0.6267485721749768,0.768200906516619,0.7704015471938689,0.18673967280013298,0.38423301067552057,0.707450465064003,0.2402456940055228,0.061361645470474166,0.6497057421065643,0.39765206150751203,0.30527990720487,0.24746728648243607,0.40269217371133464,0.44901094846659323,0.6294338693765438,0.6078030062323589,0.4244410392310112,0.6402592996918715,0.6556127064931484,0.8921710119437388,0.32766222649299553,0.5212786825679684,0.6287829648407769
55,0.8427623794587793,-0.1702363805861069,0.7199865579718215,0.15633710402504153,0.6965224630862183,0.9452123816871275,0.8426240512103798,1.0,0.8998126476877503,0.4655700728629232,0.7958080220617741,0.6900908003619121,0.48228355460545097,0.27019375844629484,0.745309755065263,0.327734638229309,0.3794480130331109,0.881065129618123,0.7509902582608264,0.5195011678913154,0.42097991503408655,0.817518080909003,0.7231570988460665,0.556582763562341,0.4831701776771112,0.578340380738401,0.7362795908660541,0.1489209418006798,0.6759182190473308,0.885056857017026,0.4432211589653944,0.5433997062957293,-0.14416412121979646,0.37965182678276177,0.543728258542154,0.7338183621008477,0.7190678232594379,0.8166244287553965,0.21432839480578186,0.4946103189433764,0.5466734000434729,0.5960826950688379,0.8203686557657626,0.7416431153482524,0.6057070871833098,0.7654049769702502,0.8029390582788846,-0.16091896351790533,0.3276096780003371,0.2265712310155737,-0.11207977044263757,0.9029903392341951,0.7984679913411883,0.5585146132474207,0.7110183213573692,0.6353843087204399,0.11775564271928914,0.14688531050090353,0.8908212294156589,0.3782422013370352,0.443578590075046,0.5677022698704546,0.2461713928456505,0.045011124675499954,0.34504973377895776,0.22277992645733447,0.6255283018783303,0.42199899895482473,0.6192699640495852,0.28199156133744413,0.7090120810837688,0.8372301450417482,0.853809078207022,0.50040267920922,0.3875312477514464,0.26809760060774446
57,0.8196085281220152,-0.15453647958654843,0.7100969080322771,0.045494243048462495,0.8230812529164123,0.9520864958222067,0.8700051840623603,0.8998126476877503,1.0,0.7318337436536199,0.6281385186521443,0.6348410005480217,0.4716098122906651,0.2561366656875378,0.9140252219588881,0.4525322304787037,0.591329204352242,0.7261676732084845,0.748919716329407,0.5836287891776293,0.5624259035092054,0.8577430085347755,0.8736148243429569,0.4649272770174833,0.5393842056197754,0.6006744275378407,0.5068367582309243,0.18334782868216404,0.898440650881497,0.8416756993816993,0.66737018840327,0.4447653414841709,0.08685559789356014,0.29912208084812897,0.7272744310838299,0.6075646842998391,0.579340873393734,0.811324046951708,0.5366192384207922,0.6322355807705248,0.6718382608890509,0.36243201762250404,0.8801586129493554,0.812977484498683,0.7518911437951551,0.8262112930866374,0.9405313175738602,-0.04052109501509575,0.48928659434343963,0.3807734572914223,-0.030638099346231358,0.7779002936290819,0.654775245972214,0.7059595907641794,0.6241334371468589,0.5494330184140501,0.2246727503903883,0.4220873019172733,0.8762221178788061,0.41166401109814943,0.26722529860227884,0.5649714742802272,0.46876302180683127,0.38057081127999043,0.3685673297954567,0.03494500400670513,0.7113774389130629,0.6628814067434419,0.6673516181159804,0.3380103840716613,0.8855916940808353,0.6926877086647436,0.9420810438314902,0.4105974603088984,0.6529360303305479,0.5087918243354086
59,0.4208327598034594,-0.06627016157029439,0.5255926581245768,0.07529507174607376,0.6590715958549024,0.6356654768471377,0.7332809925607234,0.4655700728629232,0.7318337436536199,1.0,0.1827114955062528,0.284244527320643,0.17383948632244053,0.10666260401114465,0.7390610949349867,0.31477278466712905,0.7153380441019528,0.23924481728040461,0.5452795054142949,0.40032632307327853,0.6211616209193057,0.5727473574741109,0.7888956288415934,0.29252501769288247,0.6015216419325801,0.24674365884655036,0.28744689792272743,-0.14507649956254937,0.8335807915356371,0.37913367786705804,0.6599218441166517,0.4278264606952621,0.5737508556541576,-0.025820103089130277,0.6631723645236955,0.03829634979281098,0.025439439232090594,0.4499476005549618,0.6235896257435037,0.6658347852869129,0.6397610238772716,0.10377461530791864,0.620870519718239,0.5795796482114183,0.8383220819281746,0.6134395658844715,0.7167114804011933,0.13932381022516166,0.46214879393756214,0.48105825336324326,0.2384783100629843,0.23345851892606279,0.18823112595764938,0.7056650357714849,0.4355492062011535,0.4414514912421891,0.48529049581802486,0.4240173350649879,0.49365608180707216,0.35604450199493604,-0.2965218267631818,0.5244330942874815,0.682174974708595,0.41218379748626355,0.2201215264497907,0.025724457846498044,0.298639452982316,0.8828334344934733,0.5990716977823562,0.6148285486365388,0.5647990534587628,0.19414608601956737,0.7482893640974514,0.0030230677377296755,0.5614457957318815,0.7752244539843088
63,0.7079451333823885,-0.17331122261385218,0.4266884267923974,0.2818421513378923,0.6103829540945385,0.746103284190244,0.6632124356166684,0.7958080220617741,0.6281385186521443,0.1827114955062528,1.0,0.6887442461348205,0.381977246779617,0.45312471362275747,0.3391545970723975,-0.19249497787635017,-0.13938881162552735,0.8410942608787334,0.8660255611361106,-0.037896516431899854,0.25651266592795674,0.5957285158181069,0.35172975171740506,0.34966134756057815,0.16881421716394931,0.6567152800289933,0.7711948577603245,0.019884550976103667,0.3142931692943202,0.8592731407784201,0.5205151343750879,0.660672181604109,-0.3431649787215633,0.6619533042762829,0.2476553880305057,0.7354500321733061,0.5959733164594613,0.8648099455289664,-0.17265814804697807,0.09278346359373535,0.08198717418674238,0.5997907013307884,0.7176380056812157,0.7988967802825833,0.18013275536517134,0.33363250302060643,0.53010638918504,-0.18039911868583894,-0.2720507518123088,-0.17854569476759818,-0.16993695017502533,0.9388739548995828,0.9828487061159147,0.0051900247378943885,0.5785037559329236,0.6958377409524334,-0.03118084361504649,0.04564753593658017,0.8109439727620538,0.3842615469402597,0.5534559371923418,0.07385459335242504,-0.24283314705815626,0.10679343154868191,0.2691903719234104,0.4174927209171737,0.643001895651889,0.0786178867754863,0.20007202609124605,-0.08212912850633954,0.40530109447577145,0.9585138858591354,0.5318259025472597,0.8585186556463918,0.05922016555997683,0.33900734090280993
67,0.5365316263364682,0.4216965817805571,0.05159176597165409,0.39542767508036447,0.8399771289701328,0.6791502830543518,0.5420325981845191,0.6900908003619121,0.6348410005480217,0.284244527320643,0.6887442461348205,1.0,0.6755977584721925,0.5108750509038423,0.38942535799030487,-0.03305571621427605,0.09301022794697557,0.645788605216621,0.6114386308934471,0.11827726852973892,0.291275218788581,0.464305495688463,0.6731713425138328,0.4330032799214565,0.5420538940317017,0.4813276378648524,0.6939481340198441,0.42913391621729136,0.4918513318735449,0.613321788738941,0.4598066718020141,0.5842762438743236,0.01013017841827928,0.4868548011231517,0.09582122403455254,0.6158233044214525,0.5591184363238101,0.7604118468558351,0.338871133142581,0.4398268888616587,0.49121669663100714,0.6109612354221328,0.47132921148496726,0.65564660094557,0.45312030394492003,0.6958860969024269,0.7120431337716413,0.2743027350191806,0.016490815616822037,0.4348651553291072,0.3456748754267649,0.7718943870240106,0.7492910059862014,0.07601786805025089,0.7208654611522798,0.6804779498796741,0.47636534327378743,0.41333870343838236,0.712690568405422,0.6596441945820233,0.6273245532041481,0.15605643266299682,0.16446128408565064,0.06737037071285856,0.864400836602898,0.4027538530087442,0.7920644485482647,0.49251321845317414,0.6157524547569725,0.23574030126015974,0.5322906005618527,0.7245885087177918,0.4746795410462695,0.6648903301902264,0.1822049444542299,0.4487257619702262
69,0.43621911676462477,0.32461820783425543,-0.12160200083455722,-0.24116110868001653,0.5832432910739411,0.47137522316761904,0.2151345733248649,0.48228355460545097,0.4716098122906651,0.17383948632244053,0.381977246779617,0.6755977584721925,1.0,0.7756883544066767,0.20795893988679523,0.14656973304561988,0.4329696673755877,0.156617776465377,0.23760598593136983,0.2435468034485983,-0.13443202281929095,0.6626654323130287,0.5280803021539968,0.1449545367823266,0.2060491190788543,0.5929355573824899,0.31222821035806125,0.2314048049839679,0.5288333286660334,0.5827911703796327,0.534326112392607,0.032993008115565346,0.09688111993977379,0.2769615472254211,0.022167804836263533,0.6457457625854927,0.06341211723910492,0.5620705244462544,0.1592787042657235,0.23181251142679443,0.5979058174681833,0.09286194908936356,0.39870557193613776,0.52855558135737,0.5444504906504429,0.433436727139028,0.6250923210833239,0.5866761558417933,0.16089188787356482,0.6577994007028161,0.6147903379268862,0.5069655108695158,0.3988433132495007,0.056495355195267445,0.29189007589486815,0.12176845120534714,0.6302228594756619,0.24198927695139377,0.635263502753432,0.867438106723882,0.7614942899877251,0.016111076497418463,0.3778952460117679,-0.12483401698663783,0.5706712256363567,-0.2327495711506289,0.5883865149850132,0.2784194854668981,0.29462260307251337,0.4048478072905674,0.4674758668101998,0.36223810753152896,0.28617526233776186,0.5114385105922507,0.3440873752173645,0.04615141391876173
74,0.390984418016353,0.17361625644150194,-0.20979150228215832,-0.0005172452538351643,0.3640099166630719,0.2840293049325531,0.15316437954764972,0.27019375844629484,0.2561366656875378,0.10666260401114465,0.45312471362275747,0.5108750509038423,0.7756883544066767,1.0,-0.09836000171410438,-0.052996948889860764,0.05982593225805583,0.07020389844691499,0.29651836094932604,-0.026648987884042463,-0.44343377969979164,0.5085346253412092,0.24616345761561642,0.24764643909433268,-0.19194847007130303,0.6177660705443165,0.3789262262193331,-0.03467472233672459,0.32254571303047125,0.4690411513893327,0.6329751184639877,0.25865868215505955,0.2666723612032304,0.21184827816244747,-0.21720102229324784,0.48178093517638004,-0.12567389457239433,0.40578896493716377,-0.13221320849569546,0.1677636147801111,0.3562174298208161,0.1912452092664134,0.22393813189759895,0.4608476978364252,0.24947112995543175,0.05892271556206963,0.4548730010798125,0.47090013861876495,-0.15280013415813987,0.30730264662194207,0.5028795202976803,0.4441770205162298,0.48634845440609226,-0.21798882436066308,0.331869180894695,0.04735759253850348,0.4543083053025519,0.262967577497427,0.4178485952788358,0.6900498253913271,0.49761493542017465,-0.13610191778590505,0.20854647875761717,-0.030605052423980345,0.42547293940039743,0.023459293486744155,0.5401950826204382,0.025578732057940895,0.044594176827347565,0.15530326105993073,0.09679844911657533,0.40757581586583197,0.18076751936878455,0.5732682206074117,0.08117068974641962,0.19810121190037644
77,0.6393649925753428,-0.17852113378121734,0.7775521146246747,-0.04896980704484492,0.6546634742722148,0.8284134011250945,0.7525963607661069,0.745309755065263,0.9140252219588881,0.7390610949349867,0.3391545970723975,0.38942535799030487,0.20795893988679523,-0.09836000171410438,1.0,0.6117410458790694,0.671073950271937,0.603642785741539,0.564164772057474,0.6978472111381491,0.6738073899218493,0.698078036653521,0.8374353117661125,0.36452095766106796,0.5914911551043721,0.3310477123773069,0.2506656983703375,0.27672289952807366,0.8452893239342797,0.6261003547226229,0.4521264295580827,0.23440829236275515,0.11706148089542898,0.14555742621767398,0.807497930361151,0.4149624220254836,0.5709137432956317,0.5856003645539738,0.6940777253683492,0.6511108828944431,0.6478543667218548,0.1865629482636844,0.766078060168722,0.5794497878976504,0.698383706506379,0.8304906687117121,0.8248070409185907,-0.2047662348776375,0.6816254214538331,0.37369815024688957,-0.20031749897853304,0.5376090251658051,0.3714215939549481,0.8702351202003633,0.45218221148811144,0.3809342569212782,0.07120081609103754,0.3937486055990171,0.6775561020896006,0.14148796387822907,0.014384026987477889,0.6521534902538845,0.5137012355456488,0.4471023358082147,0.22138202040795563,-0.10596178291987281,0.5418741210586349,0.6905479528040218,0.6897195567054827,0.2822198507480545,0.889674202484106,0.4587002876672126,0.9008329290017041,0.09690430610110377,0.6934986197461203,0.41553741214971135
81,0.44658317967992106,-0.24616758591193993,0.5249340463557212,-0.13372586081964324,0.03098499299769949,0.2956021950885513,0.28371485050269485,0.327734638229309,0.4525322304787037,0.31477278466712905,-0.19249497787635017,-0.03305571621427605,0.14656973304561988,-0.052996948889860764,0.6117410458790694,1.0,0.6038011807904935,0.16501111758351364,-0.15945787933960517,0.9632894436615349,-0.05973436905750942,0.4136685890669544,0.4572205544795894,0.5283709262403977,0.05652689984526643,0.14260559689478675,-0.10937080818801641,0.234518893926734,0.5902835948306054,0.16123460230120895,0.01514219053314999,-0.16503931898192137,0.26961986321486997,-0.5039053358184293,0.44615270626145914,0.10690125297362134,0.329171278584029,-0.09817907056863727,0.5508961507622715,0.6929365739455015,0.6666425003195974,0.0641301077407322,0.13246334591829964,-0.06533286645863534,0.4406237718641425,0.5469267501406231,0.4954093838160902,-0.1079080774431863,0.9531193051877367,0.3869266177496418,-0.17566180272443438,0.1084964808566917,-0.10061332474238951,0.8113588561826199,0.28326870097570095,-0.286694253655487,-0.09288406366534971,0.3951941353579472,0.09231993037027711,-0.2135818863756641,-0.16110917009361728,0.766508682485218,0.7137485307454214,0.16477776351469056,0.05784581413186397,-0.28752316406833034,0.21100106925023346,0.27466742382096115,0.5266970051725783,0.20155326220080405,0.5023907707341481,-0.0063662605096130006,0.6036365964854553,-0.43934931935069155,0.6063330288204486,-0.14588254463310515
82,0.30918938671107676,-0.032372315351540455,0.41098412531877027,-0.43267312292704496,0.4109266730157743,0.469355157594187,0.40287188756751363,0.3794480130331109,0.591329204352242,0.7153380441019528,-0.13938881162552735,0.09301022794697557,0.4329696673755877,0.05982593225805583,0.671073950271937,0.6038011807904935,1.0,-0.034675470299068874,0.08606128413699166,0.6773769751676132,0.34825975249117236,0.6419925741984526,0.7016150879083878,0.10058471060154951,0.49341010837404664,0.1870680085861515,-0.03786877825969195,-0.02815418769327075,0.7890976492756202,0.30121557527071524,0.3870984821946725,-0.14902559370178056,0.41967471973676546,-0.2134758601896717,0.5970920094369642,0.13063959839870584,-0.0992295609103836,0.23530219145100903,0.5704661332642679,0.5166253559009728,0.7678526088770771,-0.22690277473560275,0.47754356244806484,0.3112971028626078,0.8818148056003675,0.5942500503639834,0.6062368806194735,0.3025504580331158,0.7525062217983989,0.7372943742070792,0.3598119015778291,0.04278991997664448,-0.15603711943605456,0.784007130946623,0.10939039427468703,-0.006313567675370402,0.5203924310373865,0.2088601567724073,0.40952401388480486,0.41226402252118827,-0.03775479536763867,0.5400566268372687,0.8205594241543798,0.08098766501244622,0.08540405703358589,-0.4961759945625702,0.10960098655322192,0.6853012377076415,0.4981714970596229,0.7324339507257392,0.6057729092907203,-0.11381217475178325,0.5667447524848769,-0.24124712063201487,0.6820789315789906,0.1771017685795558
83,0.7646634693904156,-0.22581471993471036,0.6722894095586266,0.43986730740841856,0.5642916734990605,0.7899403072646403,0.7735526136881002,0.881065129618123,0.7261676732084845,0.23924481728040461,0.8410942608787334,0.645788605216621,0.156617776465377,0.07020389844691499,0.603642785741539,0.16501111758351364,-0.034675470299068874,1.0,0.7464356552166108,0.31914700835114684,0.43001520833290047,0.5031677463811833,0.4818483840228035,0.5892705415520325,0.35205756173600905,0.4673618959291468,0.7345578765535385,0.2109391506458615,0.40052926521970006,0.7411797210034249,0.24424491647072194,0.6610674541276553,-0.3469916538689169,0.421900684071557,0.4370883639344498,0.6113158629898537,0.9051537838829634,0.7174474959151065,0.12519832416525403,0.3784715241985016,0.22310472621976077,0.7491262153124046,0.6452500380557565,0.6115475995912318,0.24449346763529156,0.6173512955968677,0.5830806022413665,-0.3937703948071317,0.11303456396399031,-0.13559134752699586,-0.40159516406897083,0.9011600372137623,0.868746642848898,0.3580020647442063,0.7303153500412267,0.7156811493118911,-0.2025076567434895,0.1647757678249412,0.7036294707704958,0.05478410351255189,0.3497664172439033,0.45785350654077683,-0.07344210734909759,0.15026673847441868,0.30981367697263107,0.5024796056737586,0.5999387603167416,0.2233362871515045,0.507658244562513,-0.06604697837430169,0.5525889895616826,0.9042612772770076,0.715337754729589,0.5308114252616202,0.19030705170741236,0.27620745365432436
84,0.572800427445719,-0.0736655156541826,0.5364964780741875,0.20881605649167514,0.7236880351457238,0.8504969041954256,0.7403998920653297,0.7509902582608264,0.748919716329407,0.5452795054142949,0.8660255611361106,0.6114386308934471,0.23760598593136983,0.29651836094932604,0.564164772057474,-0.15945787933960517,0.08606128413699166,0.7464356552166108,1.0,-0.018197354871959177,0.5625247771458856,0.6373384546699207,0.5753743258600376,0.22734721620106518,0.4328147241372342,0.46238957953033016,0.6827197025146037,0.06349114547512348,0.47941201047735743,0.8049867610403425,0.6597660249895397,0.6638821486942792,-0.036656000167842664,0.6985406429168947,0.4007225507960452,0.6227834819531375,0.4700291716159863,0.8791320299429723,0.09196936131329773,0.23584345852093913,0.2234351725625623,0.4266779157333042,0.8509069078756463,0.8469196268298512,0.36631833749710585,0.44384553980875724,0.6551676261028517,-0.26287266013966915,-0.1502424734549434,-0.02074402876005745,-0.15611947642958107,0.7966643959878608,0.8410705074950077,0.22457221137877914,0.5190510906027804,0.7198107567151559,0.0813924440635728,0.09861274510221277,0.8349481292997876,0.39948765343954973,0.2385091930581232,0.13474548471657943,-0.0799735214631671,0.3066007025555906,0.2587513767304101,0.3182015851551772,0.6439127652821763,0.3960582469371208,0.3460401284194244,0.03239602295758781,0.5065743381987655,0.8546920975797311,0.6616523764989851,0.7191416774014572,0.13516458901968648,0.6281735915028979
85,0.551036927035168,-0.22108491391614649,0.6274696211502148,-0.06799241518885253,0.16814966222259614,0.4627553143148103,0.44754676361350626,0.5195011678913154,0.5836287891776293,0.40032632307327853,-0.037896516431899854,0.11827726852973892,0.2435468034485983,-0.026648987884042463,0.6978472111381491,0.9632894436615349,0.6773769751676132,0.31914700835114684,-0.018197354871959177,1.0,0.05758830957331254,0.5345810572662828,0.5863975251614374,0.6137418930511134,0.23543250926121934,0.1925035792719429,0.10761219422074766,0.20008234072194356,0.6683522291634431,0.2935629796346184,0.04376277752420845,-0.01179702589090754,0.23889148521830883,-0.4198937960723295,0.505424103615481,0.2125148479887146,0.4215233515515204,0.05750565734860066,0.5272346862482127,0.7490038109740278,0.7554852800270061,0.21927691853544687,0.26998699951818067,0.06319475610390135,0.591936233449239,0.6926021531106463,0.5959034808057551,-0.09307577650142435,0.9537783344235102,0.45872972910824555,-0.10936732397656604,0.2512333730317415,0.03377245123927548,0.8811239170343413,0.4323325299159029,-0.08387083962807136,0.02241277502468088,0.32153593716002915,0.2592013605389584,-0.07996479867418527,-0.06415867591012792,0.8697785752432712,0.7412774608678484,0.039405048303803314,0.1381239965909951,-0.18145212300868474,0.2375400108754035,0.38317373413423317,0.658381285724239,0.3628925735275734,0.5647772560036141,0.12580689290165087,0.7150701917146941,-0.35388229892950107,0.5939351428014016,-0.0984537623270673
93,0.19599014928978462,-0.015653713547882135,0.45808444351131306,0.09108428367285762,0.6292940393441108,0.535345643819547,0.5766134469927593,0.42097991503408655,0.5624259035092054,0.6211616209193057,0.25651266592795674,0.291275218788581,-0.13443202281929095,-0.44343377969979164,0.6738073899218493,-0.05973436905750942,0.34825975249117236,0.43001520833290047,0.5625247771458856,0.05758830957331254,1.0,0.22043131223806955,0.5335287949591675,-0.0801684782487436,0.7590943416959913,0.02336628998361412,0.18608497932956802,0.09144292314545524,0.430972442172996,0.30949751101707224,0.2789848291535039,0.3028381204054232,-0.08148636826168394,0.3533762119613495,0.6689650756671128,0.06940107563080933,0.3420061965521103,0.5358711504225983,0.5142831926729082,0.20035344194563637,0.13673551256001334,0.06818540948616818,0.6070249554297721,0.514380268221325,0.45070742654041646,0.5290183185746467,0.37610493181280064,-0.13838302035049152,0.13602986117403051,0.12245549597519392,-0.10567697548978629,0.26072254110179954,0.2170672069727956,0.4491725767256018,0.1839504490648882,0.6610867889728297,0.14354087488044676,0.14625281037343366,0.475417607115608,0.13031281448675622,-0.08332861734684803,0.21550744294963367,0.07855289788122781,0.40059608674155844,0.12114473099325437,0.10636687413775187,0.1910684292379983,0.6814872915567474,0.40305306215443865,0.2555562284616548,0.5780950140803891,0.24659281663922447,0.4508496354449416,0.15487796669964002,0.35555104266201504,0.5858827612258481
98,0.7433699257857027,-0.1990489906840347,0.611770227778376,-0.29892065422730935,0.6106802635462488,0.8628929891226829,0.6549262753756424,0.817518080909003,0.8577430085347755,0.5727473574741109,0.5957285158181069,0.464305495688463,0.6626654323130287,0.5085346253412092,0.698078036653521,0.4136685890669544,0.6419925741984526,0.5031677463811833,0.6373384546699207,0.5345810572662828,0.22043131223806955,1.0,0.7141016122693304,0.2931443884861419,0.2806136281526812,0.6534523792533264,0.4320939242965713,0.03659292602289041,0.7921422557476857,0.8923306002451746,0.6943764627607317,0.20806386470750798,0.09388009111180665,0.32394346234525034,0.5343449602662033,0.7446712035302042,0.29527862049443204,0.7411274014390609,0.19971327686829962,0.4049625158106509,0.6529838357025215,0.1465422425132678,0.8629200838515931,0.7534278599904817,0.700049700259896,0.5725187277368083,0.8410089505007551,0.020084857143479063,0.39535497380090073,0.39919440458660443,0.06741803141706779,0.7073711128803798,0.5762840959687839,0.5657765455419395,0.3936442916660433,0.25097817574653225,0.2531027420620707,0.13633084937434276,0.8773201073876867,0.5592513199687691,0.3995650304149138,0.40432296217183944,0.42564228340928384,0.12873018332773783,0.1596656423625075,-0.24804531244571623,0.5979094999439595,0.39080168703176493,0.4041512581064355,0.3489145615784913,0.7131669516119142,0.6124288384358576,0.7918767033447325,0.44747206192351824,0.5358901285316786,0.21997321216413512
99,0.520795150903968,0.2723943998064326,0.4633220814199103,0.0711873809027871,0.8018940335131564,0.840731258025432,0.6853623703593119,0.7231570988460665,0.8736148243429569,0.7888956288415934,0.35172975171740506,0.6731713425138328,0.5280803021539968,0.24616345761561642,0.8374353117661125,0.4572205544795894,0.7016150879083878,0.4818483840228035,0.5753743258600376,0.5863975251614374,0.5335287949591675,0.7141016122693304,1.0,0.42726153650639964,0.7700904629983144,0.27770703224471627,0.4653031416591665,0.3733599332251284,0.8674895488737457,0.5756386950114464,0.536699774200087,0.37654352953182907,0.4335230719327429,0.2035340635725171,0.48414885941396085,0.4697909141231943,0.3975331840611502,0.6210918585985026,0.7034177336492768,0.7737519552811201,0.8822949636814863,0.308682905549237,0.6609817644798639,0.5911696694596628,0.8607277611892552,0.9220436508906337,0.9330611668166718,0.11468549846783432,0.5868624399357493,0.7324906748489686,0.2695296212772106,0.5293505683000715,0.3990504820911356,0.7094727450377531,0.6173325084841069,0.4532405380446509,0.5275379485029278,0.42553277522291444,0.714184309254436,0.5376570533264778,0.14361892699463502,0.5771891829905608,0.6620764884582951,0.20546552462224763,0.6198624666668067,0.018536072698888812,0.6451868241019771,0.8559001855092399,0.8663205179633184,0.5385004251816978,0.7581327848697277,0.45969151411892184,0.8160981104480363,0.18534531360159928,0.5076142342068085,0.5330653552592536
104,0.6595407486550091,-0.15649216088985704,0.4630015341485677,0.6785717436009118,0.2527089260333155,0.42120241748914683,0.6310680847801626,0.556582763562341,0.4649272770174833,0.29252501769288247,0.34966134756057815,0.4330032799214565,0.1449545367823266,0.24764643909433268,0.36452095766106796,0.5283709262403977,0.10058471060154951,0.5892705415520325,0.22734721620106518,0.6137418930511134,-0.0801684782487436,0.2931443884861419,0.42726153650639964,1.0,0.14254404007487562,0.30179505039759713,0.6413939477857012,0.0008908416013106132,0.44283190410457707,0.2613257613799392,0.07604849804722838,0.6755759489152329,0.2551784532929094,-0.35047814662013066,0.19511344273070677,0.11569090425913832,0.5538892648242117,0.13981829662318054,0.2486506642432571,0.8023543520433363,0.5239742569306954,0.8424204245069861,0.0979551331979606,0.15760939426830833,0.37329074591411365,0.579283919293969,0.5021728743126678,-0.05909712275835577,0.4634048648927165,0.14226765191720997,-0.04052509351555297,0.4772830033512859,0.45553014146580845,0.4748612741935639,0.9079488720861018,0.37940102746434096,0.05790553445932959,0.4314211349156483,0.19532726297943234,-0.07781405168770505,-0.06627667203750473,0.7942928791772226,0.4819129241587952,-0.039330291119572626,0.4209669747873447,0.6117056724689713,0.32206476880849855,0.2958644761123585,0.6817953751682525,0.2687113200307782,0.207602816407111,0.4556842340255694,0.6520457315207836,-0.04767233120165349,0.19455004731536946,0.23317536072053646
106,0.08638073926642165,0.4772697872313741,0.2633570174813715,0.17924113622832824,0.643084057549786,0.5833719286166037,0.476933927382752,0.4831701776771112,0.5393842056197754,0.6015216419325801,0.16881421716394931,0.5420538940317017,0.2060491190788543,-0.19194847007130303,0.5914911551043721,0.05652689984526643,0.49341010837404664,0.35205756173600905,0.4328147241372342,0.23543250926121934,0.7590943416959913,0.2806136281526812,0.7700904629983144,0.14254404007487562,1.0,-0.17232551563004903,0.4357696577156252,0.3333781898246338,0.46123646312960925,0.2230430088130893,0.12519970319906626,0.35428476602169123,0.2692950006628494,0.2698468557920394,0.30016024756488363,0.18730957803191672,0.29970401289481646,0.4393335131621233,0.5495244059073394,0.47204947743365233,0.5586105675322602,0.2785528280165699,0.42824111374149726,0.33388706285965536,0.6715385393427755,0.7738549614384712,0.5187266024976895,0.05385784410263784,0.3076062180101626,0.6119912624277347,0.2946681067791417,0.23858460762978753,0.15884942620927006,0.4868701579985673,0.4225026773612017,0.6053831765380253,0.5462143535673248,0.07226328864320304,0.4708316734282859,0.42267244909802526,0.03092631072643192,0.39348041079598883,0.35848749917964734,-0.07014211186966164,0.5432716470580281,0.1859773684570676,0.2431400543079868,0.8196413591137528,0.7647759411005204,0.5760653270685957,0.4519023032142748,0.21802960901708884,0.44412879254960524,0.028752018622720775,0.1372505268552072,0.4509190833098012
107,0.8478842675472228,-0.4423736480169024,0.27477559529314693,-0.01555518188121205,0.5859592810398507,0.4994784935087846,0.577509326170716,0.578340380738401,0.6006744275378407,0.24674365884655036,0.6567152800289933,0.4813276378648524,0.5929355573824899,0.6177660705443165,0.3310477123773069,0.14260559689478675,0.1870680085861515,0.4673618959291468,0.46238957953033016,0.1925035792719429,0.02336628998361412,0.6534523792533264,0.27770703224471627,0.30179505039759713,-0.17232551563004903,1.0,0.28844362525258804,-0.2129966826027353,0.5868302018560455,0.7623684159467808,0.7450621026023267,0.29488640577201025,-0.2663197315266849,0.18581128253573287,0.5035471752207765,0.4846726905489672,0.28055968633196526,0.6881183871685538,0.07666590174744006,0.1532007920388553,0.18052822256650275,0.2127847524637597,0.594468002549866,0.7923365729353993,0.33837330732688564,0.23604964814620086,0.555901195119033,0.33993271197474484,0.030851236728161098,-0.014927962510659802,0.09412392561353078,0.7094215351539288,0.6736348932917444,0.10173185485719147,0.3643552194161724,0.3406555914466909,0.1115839314431073,0.47539998097252645,0.6524954681279016,0.4302594519712348,0.5728372231586363,0.07583314465753638,0.162275313810129,0.4062017970082181,0.1396148027040145,-0.007685539116971465,0.5777292338082474,0.1162422914692308,0.01193416010391036,0.08596381766167867,0.584864781342864,0.5744523466698768,0.49523501991566576,0.6650655249659277,0.62779280232831,0.2892253144563604
109,0.5285731101379973,0.09651913208419698,0.37817282750159104,0.5883130779358794,0.49308188784764556,0.6596004459172502,0.6722048925563876,0.7362795908660541,0.5068367582309243,0.28744689792272743,0.7711948577603245,0.6939481340198441,0.31222821035806125,0.3789262262193331,0.2506656983703375,-0.10937080818801641,-0.03786877825969195,0.7345578765535385,0.6827197025146037,0.10761219422074766,0.18608497932956802,0.4320939242965713,0.4653031416591665,0.6413939477857012,0.4357696577156252,0.28844362525258804,1.0,-0.03558840487786511,0.270678317945784,0.5422075991367356,0.22761387543681516,0.8653800054128413,0.058183548670316214,0.32643763356756644,0.02837540782165077,0.4636492563368058,0.49179002210880457,0.5760451486354495,-0.12759264132161724,0.40498091775129014,0.34132689541478367,0.8717434384137048,0.4315495517888851,0.4938174450500469,0.376450929343922,0.4992077965784424,0.4822305700763387,-0.10343917306120622,-0.09390302148843878,0.10054709238244094,0.09819112914881443,0.7111119850175295,0.76897564530674,0.14709669704574324,0.8381649791555079,0.7604254794011531,0.2646624747811869,-0.04549903748784288,0.5789503447153581,0.3732454117283523,0.26515784489802524,0.40763521871460967,0.05131875161990626,-0.3055137252166273,0.469142308544415,0.7070668581584599,0.3770921210749481,0.28980322093563615,0.5490243078348224,0.31608331161614484,0.12445387499958106,0.7575290642462892,0.5260721222022675,0.46306093002019877,-0.1861681591056403,0.34865559671687574
