A,23.0,32.0,35.0,36.0,37.0,50.0,53.0,55.0,57.0,59.0,63.0,67.0,69.0,74.0,77.0,81.0,82.0,83.0,84.0,85.0,93.0,98.0,99.0,104.0,106.0,107.0,109.0,113.0,114.0,115.0,117.0,165.0,166.0,198.0,199.0,233.0,234.0,240.0,241.0,249.0,251.0,252.0,254.0,256.0,261.0,262.0,263.0,302.0,306.0,317.0,325.0,334.0,335.0,336.0,337.0,342.0,345.0,346.0,351.0,353.0,354.0,365.0,380.0,383.0,404.0,406.0,411.0,416.0,419.0,420.0,421.0,424.0,425.0,426.0,428.0,435.0
23.0,0.0,0.7329140450569654,0.23337286327989035,0.37658433870013636,0.2508539936198542,0.21069204286816096,0.185060735820683,0.17248818802108914,0.19851202572857587,0.28261268285910157,0.7648138540127498,0.26613200695902317,0.28608653980214926,0.28685549535506083,0.2604456054579613,0.3688004529437906,0.33390120444742977,0.2023104060597692,0.31908111974852554,0.3828083146106463,0.3895458452506292,0.2097167874805252,0.27192764940250486,0.23526576072608307,0.3460167710551492,0.18660427667869303,0.2786752424414953,0.4298257550693294,0.21371139442917955,0.508705962119337,0.25575086592071467,0.36400659553440695,0.3750188613715763,0.36107209032443405,0.23566621433703736,0.32623918625270376,0.25076670881244284,0.25033556290428216,0.37471537727810084,0.2712939990067714,0.28403880971204853,0.3966029333508828,0.2759278232144343,0.2113393615667763,0.270902414900015,0.2549915113662478,0.2382796339476804,0.5991526545651292,0.40472640724018116,0.3582094102554816,1.1413643209634752,0.2174385086109538,0.44068564792460657,1.0495108644340634,0.2617608066964761,0.2814938553468049,0.4448696440208344,0.2857496110259944,0.2636776592505724,0.32596097192862455,0.3099565766470695,0.5907315059683169,0.3047633679443116,0.33677878825764185,0.33331735089522724,1.1140335709451143,0.2532640399699901,0.3146500226550317,0.38539178580426686,0.3835558076850932,0.5098868845862708,0.4316309618652957,0.17681780555609097,0.2844467316732289,0.24254962737918773,0.3027986443088923
32.0,0.7329140450569654,0.0,0.6651362629936001,0.5788489201022264,0.5364002578547159,0.595732062429914,0.6186162144898629,0.6529462543235003,0.6727965821027827,0.5582825457200599,1.1669520871459726,0.4794791922350473,0.5005611448856317,0.5228914425156873,0.6539945492808827,0.7236806065998197,0.5925636632742098,0.611351623282846,0.6672445999492258,0.7683130343840424,0.6135874711977218,0.6326410919164117,0.5144158711654306,0.6095068574049486,0.46999044238479143,0.6268812661304007,0.5638365522465426,0.41586499930072035,0.5954581828788081,0.9989078243312602,0.5705175832001409,0.6778862439471517,0.48774222554305124,0.5120650621567853,0.6545638769636634,0.6018448420741837,0.5621773546163564,0.6242265897539647,0.5452730499107143,0.529249896689712,0.5042521230307256,0.6950939621483683,0.7175524918317517,0.6124903820247478,0.5504220744603663,0.518494091281342,0.6029014027436282,0.6313604796826534,0.6899881058258281,0.43959794532081253,0.8864432218722834,0.7001069851335574,0.8678021615108042,1.4033193777444684,0.6150989980461721,0.5755116206707364,0.44144463109797555,0.5720487222061864,0.6574056313040407,0.4733601019773197,0.5360789648507894,0.976923768607168,0.5508472586446661,0.6574714242619534,0.4104896845579069,1.2235108517358508,0.5169631366524456,0.512472562132817,0.5402803136681905,0.5650582595290149,0.9092464896478307,0.8340506909115187,0.6371102050192329,0.560684521094906,0.614180611752729,0.542024655972628
35.0,0.23337286327989035,0.6651362629936001,0.0,0.3414004902539046,0.26080944379297133,0.17998070550274758,0.1344661180159562,0.2118715365891136,0.24549443583273176,0.17329798383351525,0.8868001084790755,0.28114939563045666,0.2936063373708097,0.2648801355221466,0.1936966466895922,0.324246673747241,0.24739398782983849,0.16519094099496529,0.31229242871018914,0.363178279183253,0.27579892188238964,0.20772160857129024,0.2173640146998884,0.224101189532076,0.22967127100905593,0.22533220528440867,0.2556133164488744,0.3522582853879983,0.1974364246167793,0.6341328246854002,0.22374604072349874,0.38421774250390905,0.26577098105729496,0.2824039117040268,0.1390462739674937,0.3425101204723059,0.1673474987868411,0.2973655922172888,0.32419577671576594,0.17871566727445268,0.21099408884761953,0.4365920293245351,0.2745022702161039,0.2301827994753313,0.2077286246069449,0.18197103567690573,0.2905241346298323,0.6488777835404744,0.3401238436890927,0.2883485171094644,1.1769379335296983,0.33616931076825385,0.5712766977694418,1.020195460500463,0.3132839809356303,0.24586380405362995,0.4228065628349143,0.292994163734234,0.31707779679050413,0.29891988388828505,0.3244560352452434,0.573051167227343,0.23576231927122895,0.2961738740778056,0.3119919485368063,1.1365724391220982,0.2196272665083477,0.23489589079999554,0.3542095555994035,0.32707375309820436,0.5934945367034674,0.5293232132930918,0.1315824274112451,0.28512130241740347,0.20058218923195764,0.2319248643840893
36.0,0.37658433870013636,0.5788489201022264,0.3414004902539046,0.0,0.33181513108132166,0.36909511055865396,0.2742112543022289,0.38334444916507726,0.4361643598778351,0.3120810731476884,0.9143016750315027,0.28050924003574734,0.3833069729230622,0.31892647194048324,0.4261580641816029,0.5061363560286928,0.4551735284202839,0.2704564261106936,0.41786713809419324,0.5518489491770017,0.39762152287140934,0.43878660146600057,0.3488154871355245,0.21353949691535878,0.3099681615436888,0.33845002045003597,0.2466363695808672,0.4009409198776043,0.3649772372814517,0.813744721690564,0.3410042967496577,0.23548017534814875,0.31162847375445674,0.3790817587480578,0.3558382050012228,0.5022664899954871,0.26318562509118787,0.42208149388996274,0.39170695742609385,0.25891923141498013,0.3324613798210727,0.2714167327699791,0.5096087041740042,0.3619440017292655,0.35137884419021226,0.29412813703221047,0.43018310307683333,0.6037764503536133,0.5153582535495833,0.37199269109838157,1.0987751037507498,0.42830540301510533,0.5816141376840386,1.2202741052457478,0.2341359267724383,0.23417237839567973,0.42116623850666823,0.2945754533623997,0.4920292498751032,0.37082998439353204,0.39887948469849727,0.6680123936055268,0.3430087481141129,0.3864471984022337,0.26401209035712603,0.8610672383757443,0.3051880738206121,0.31236412075911146,0.3762557337271515,0.3988731623632513,0.7780801061998295,0.5770543285911569,0.33923549493009836,0.3454774544964261,0.364013308938706,0.258222361895944
37.0,0.2508539936198542,0.5364002578547159,0.26080944379297133,0.33181513108132166,0.0,0.1614072008248208,0.1574687395276556,0.21853947207476662,0.20174011733528147,0.1716198841970542,0.833319806055747,0.1253252662504176,0.1954592318000402,0.2201694686386099,0.23035187434682097,0.4379363422623341,0.2608522684895024,0.2051803317438643,0.2584404083690553,0.47151957926526056,0.23867403631524903,0.21610263134776495,0.14148440817095012,0.28113835039699253,0.17804871747525072,0.18973546662255003,0.24357082033074248,0.31364250218584405,0.15289531551335972,0.5941828202264171,0.15371681681550953,0.34744724010374556,0.2696196661441364,0.22992486899510764,0.20489591275328736,0.31317465938989636,0.21494584576171988,0.162144756304803,0.251822150897831,0.20271806486488853,0.201122755726628,0.4428776135415784,0.2535313984131264,0.1149936328205675,0.16943646700502663,0.15653950377159206,0.19838597157585605,0.49236525243107443,0.4244675543080454,0.2200487679728192,1.0041828002494113,0.28674279096370864,0.5084950042112741,1.116793783052252,0.282715985621134,0.16865882314935188,0.27516796884726386,0.2145128675836845,0.22595962013641624,0.16963525746900848,0.2428581660205865,0.6923945021315986,0.24200565354833606,0.26844424468390504,0.18341389235121014,1.1185525967601497,0.15721594549098028,0.1510157107681554,0.3192312662515289,0.28978191755166605,0.5180392089950674,0.49574259197475806,0.19765787048525318,0.1944457265326491,0.1978492631882582,0.1596216499313048
50.0,0.21069204286816096,0.595732062429914,0.17998070550274758,0.36909511055865396,0.1614072008248208,0.0,0.14428210018740667,0.10578657811390078,0.1293206733482084,0.19342051169439686,0.7840191988057374,0.18816998647818048,0.23373801084830043,0.24972085528186952,0.1691897691802609,0.3890359671462455,0.25821740428066364,0.15388987027295803,0.20507672600608012,0.4034357679428471,0.27081960875736466,0.13322613494766633,0.1358479605376533,0.25969302663165705,0.2061611685984808,0.22270241374201663,0.20786705636286137,0.3213804331118159,0.16673770063249915,0.5191892378622258,0.20241718319861537,0.35198241518571205,0.29330610512036875,0.23427736575111321,0.2124554026566955,0.23484572876840887,0.19893633842736616,0.16299423745098224,0.3159785375747212,0.2136120216552272,0.19702640722467438,0.4158267701858255,0.1769422512010656,0.15315628980233711,0.18806072719611686,0.15971501276796266,0.16093547928043467,0.6161274476880678,0.38977047486137223,0.2600123248982593,1.1051314010281013,0.2244291217446457,0.466097498111474,1.0393809757362258,0.26686879161712385,0.2157447467413441,0.3644425107715047,0.29916830431932634,0.16417881069610782,0.23416431667324672,0.2760875301152294,0.6169832380681912,0.2649984962651948,0.3268723313263717,0.25485133391780973,1.1338941657689623,0.18056159960998241,0.21474732825229417,0.296328491518718,0.3257515914830596,0.5094413143590245,0.4226905751377747,0.11770788843465431,0.22919906029957798,0.23847680373279306,0.23142869029662075
53.0,0.185060735820683,0.6186162144898629,0.1344661180159562,0.2742112543022289,0.1574687395276556,0.14428210018740667,0.0,0.178349153518923,0.20325735481811097,0.12621117257202183,0.841675273984467,0.19081575336206577,0.23810982808894376,0.21432819063503894,0.20341377815652842,0.37323927143817937,0.24458354411306868,0.1349800730921525,0.26426810986331684,0.4053027810975747,0.24802684247142107,0.19552690185501811,0.16423778150063506,0.1838373047797189,0.1870327302199411,0.1660941188287632,0.18833520576250692,0.3528090346759494,0.14050485846037816,0.614486813036633,0.16114464984515256,0.294479132606523,0.23989612804256302,0.26266313808399433,0.13307806982474954,0.3405721474536263,0.16078445352515555,0.22753269648690858,0.28573469593045214,0.14498085893561005,0.18171667257413932,0.38016989856208955,0.2598102260835678,0.14685085333742082,0.15023034443354313,0.1369889536066013,0.23523502475102376,0.558371323507971,0.37531815853689426,0.24895590097360565,1.0838916098495475,0.2895952621354701,0.5161633989466914,1.0629435557729328,0.23128010853780406,0.1457095460587075,0.3372013308610252,0.22462128215230617,0.2721312754983438,0.22956646001861244,0.28330587575170185,0.5965165993309113,0.20445057978631012,0.2709251916896926,0.2360432552572717,1.073319844297293,0.1752270937214929,0.16410777121944756,0.31286683417928346,0.2693009868137632,0.5734362792228214,0.4966066283446169,0.11033398105501695,0.22770675913116578,0.1732674886788445,0.15046968038175434
55.0,0.17248818802108914,0.6529462543235003,0.2118715365891136,0.38334444916507726,0.21853947207476662,0.10578657811390078,0.178349153518923,0.0,0.1494563394122455,0.26884263924389395,0.7344744061145205,0.21978901394733039,0.270451296573784,0.29819426603202387,0.2161686239055831,0.4018831034193137,0.3121244606618439,0.15471426530620433,0.2457066724057737,0.3929008544361017,0.32661587486296273,0.17515754899786773,0.20975380223287668,0.2599758146760472,0.26807634875950426,0.2477457354721201,0.20768354106966128,0.37409861130563216,0.223992202597731,0.48017797126787776,0.27308200282564055,0.3493632825351821,0.36541799694308497,0.2956684398492169,0.2555319218675297,0.24222529322773004,0.22494617299378153,0.18775642734056952,0.37577594639694417,0.26640672359366735,0.25429129749017215,0.3709240398505384,0.20994866435343526,0.20371102594927104,0.24178990206961865,0.20706552426290534,0.20321318389690138,0.6424463234453288,0.40994878381648486,0.3202634251053413,1.1331640833976278,0.17445754150465334,0.4216557283388762,1.030577070422812,0.247305955452415,0.23712415884354726,0.41352080692125776,0.34642327168528825,0.16977762788672018,0.29041013583881714,0.28721378260290076,0.5836246113099931,0.31529677598997335,0.3923349759609682,0.30039135210791623,1.1069734532597717,0.2417869408242416,0.28351181378088836,0.31157966570736295,0.3555805377688819,0.5061019080301256,0.3815107458753947,0.159658236944816,0.26858190200332144,0.28447452986986,0.30319139875353135
57.0,0.19851202572857587,0.6727965821027827,0.24549443583273176,0.4361643598778351,0.20174011733528147,0.1293206733482084,0.20325735481811097,0.1494563394122455,0.0,0.2549669902145314,0.7843097608946065,0.26464470959253705,0.3038206021283112,0.3351989790855358,0.13933462935828905,0.3798793961064498,0.28039635664157886,0.2385592097920359,0.2537602548998228,0.37588650515288186,0.304021186861515,0.17963939273539342,0.18411384853402224,0.3117194706993175,0.28836417228555955,0.2753384309467181,0.3058579373244101,0.3944060257183984,0.17695969773267903,0.47678290347934643,0.26506975167155267,0.3966889262983976,0.3666412310912529,0.34320049402995684,0.24398956946115463,0.3066903831093407,0.2850386063804574,0.20365876671169167,0.3099027631662407,0.2844038572781756,0.26183202939895517,0.4637211489500299,0.17533074890916614,0.20621352452012692,0.23491530398965607,0.22659949768701496,0.11717888793553466,0.6335740894879189,0.3737562447002569,0.3224899798046296,1.122165964496416,0.2481744482074982,0.47494194220769625,0.9583854873431861,0.2961304293447647,0.2888848598579666,0.41204928093134696,0.31880715749618205,0.17902117110491736,0.3155449328365172,0.35649089137372136,0.5798079423939592,0.3036968794325405,0.34311586169565805,0.3266687032079593,1.1733520560724167,0.2613109263543934,0.258267428674493,0.301111523830895,0.3661101302919321,0.4033115105242868,0.43700834061355776,0.14323100198125505,0.3191637767531805,0.26520154288850506,0.29508502284177957
59.0,0.28261268285910157,0.5582825457200599,0.17329798383351525,0.3120810731476884,0.1716198841970542,0.19342051169439686,0.12621117257202183,0.26884263924389395,0.2549669902145314,0.0,0.9370836407966172,0.22063236483733062,0.22341673899664602,0.19286838275335447,0.2169927677550011,0.36265251353085726,0.178361099525719,0.22613541825142733,0.3148490553024075,0.4162604635227388,0.24115574451656877,0.21140038945808984,0.13824210878580306,0.23562365221258297,0.14972305732343918,0.20019107023972982,0.25424948414234155,0.324607951159222,0.12233500519738354,0.6854125992215254,0.12560976177847347,0.36591985810946664,0.14474884798253612,0.2578237816070788,0.13980763396184376,0.37449478131346003,0.20137234531649506,0.2816470543181871,0.23410379327112338,0.11141396709142361,0.13370321132205934,0.4688544509680107,0.29872366038410053,0.18477243528818066,0.10581348143865307,0.13788438847101284,0.2522564865952941,0.5198220556817811,0.34948634176280824,0.1769661362620475,1.032973369247689,0.3834798098013033,0.6120834018297323,1.0697286498866918,0.3066536710719888,0.21004158228431385,0.27873762928859513,0.20442972567387815,0.3231457766024103,0.19322903235693034,0.3049457331743344,0.6348337321283521,0.13872495074470237,0.24238466761477462,0.22070928990764246,1.140124151757291,0.1715876798031221,0.09531127685728812,0.322557227342868,0.23026752039123094,0.6028393015851155,0.5872130457556108,0.15995637285283146,0.25384641929902296,0.1490903354192923,0.10426980766047218
63.0,0.7648138540127498,1.1669520871459726,0.8868001084790755,0.9143016750315027,0.833319806055747,0.7840191988057374,0.841675273984467,0.7344744061145205,0.7843097608946065,0.9370836407966172,0.0,0.8217452497678968,0.8965396856541579,0.8978361359967255,0.8965334823353133,1.0920548957799348,1.0185929852703237,0.7843258026266061,0.658796495140087,1.070257788892439,0.9227612377817829,0.8255310553517781,0.8991672285485794,0.898355106173939,0.9392961831636867,0.8474792583854469,0.7741649444972368,0.9846675104995974,0.9084710789090426,0.495773465505101,0.8816003545222564,0.7499337458678034,1.02078202401363,0.8301383408323835,0.9245648905662582,0.7347831319393033,0.876307416004444,0.6982611606686536,1.0452472185609483,0.9489909219459205,0.9535175541338337,0.7703800938646199,0.7351824153025539,0.7842305651210209,0.9374027087898,0.9112458326891424,0.8253309108334765,1.1644865245252747,1.1247198964243772,1.0048080569998412,1.5395476125666154,0.6017412858814101,0.35979315707220194,1.5041862449121233,0.8051491764215172,0.8107537977732966,1.014024804348699,0.9674767815624873,0.6879945595266781,0.8975128696292387,0.8486543226962535,1.1397106998644466,1.0148410636649832,0.9608396173817633,0.9193464611478961,1.1366658120381823,0.8684103152082128,0.9574713328341224,0.9542600883869179,1.0182503555502462,0.9172852302858138,0.416291713850957,0.8507275741658183,0.7824466062326613,0.9576287851002772,0.910861484045651
67.0,0.26613200695902317,0.4794791922350473,0.28114939563045666,0.28050924003574734,0.1253252662504176,0.18816998647818048,0.19081575336206577,0.21978901394733039,0.26464470959253705,0.22063236483733062,0.8217452497678968,0.0,0.16425895511030658,0.18439799133021895,0.2934940345524425,0.44157478882989204,0.31269283117413893,0.17725075464622195,0.29321246721451466,0.4764057496349908,0.3150733707005549,0.24599647903311156,0.1748298259033193,0.23642731101868278,0.1894506968211068,0.19953102729641342,0.18597415391400302,0.26065647761066923,0.21445412725500287,0.6210109087460072,0.19655697253770157,0.3287313046469012,0.2660678141258016,0.2120137824079192,0.26608964397804985,0.2756172529756699,0.17645065536064355,0.2067684449684936,0.29954932770506865,0.1907543792476265,0.19383013385950618,0.3713008096191992,0.3260151597559908,0.18176521265084347,0.21163750807729045,0.15255919578329477,0.2377439149441679,0.5041457889376191,0.44240135741653863,0.2146936237587955,1.0049516380716808,0.26377721487413874,0.48486089663901444,1.1719379443927738,0.2386101315376221,0.17623916102808038,0.28641485262224614,0.23199552448306293,0.2643707971708659,0.16589120562358195,0.18937114352672083,0.6986649248579837,0.25842880211488445,0.3255321085668521,0.10751138666479232,1.0669285093512462,0.13134126796241127,0.20539434313348862,0.3075092537022516,0.31550037413794857,0.5892634441499234,0.46795824595236657,0.2307206522105681,0.17109445436021817,0.2447681950711085,0.1999399296403043
69.0,0.28608653980214926,0.5005611448856317,0.2936063373708097,0.3833069729230622,0.1954592318000402,0.23373801084830043,0.23810982808894376,0.270451296573784,0.3038206021283112,0.22341673899664602,0.8965396856541579,0.16425895511030658,0.0,0.12363269072923667,0.3237397539367918,0.40175246952714094,0.2423245132897161,0.2633984069617571,0.37510616948600173,0.44727698398911697,0.382117149884155,0.19465468084726628,0.20330985655646788,0.28048989528848617,0.23721853797145065,0.16841435113347464,0.26742033383758573,0.29299218511152497,0.19945518381409916,0.6340960469867867,0.17293389640243223,0.4427388335907395,0.24251406026800174,0.24225314719405175,0.26488450587351076,0.26883341459483234,0.2331306713471123,0.26139954339974447,0.32738776393795027,0.20190952688252806,0.16372883422924686,0.4832038199120271,0.34019548768076396,0.2061108408227126,0.18502434638617676,0.19297585953955768,0.26284529025293607,0.434634897802039,0.4090729801519537,0.1600092254747784,0.9507701903821658,0.3361993244976715,0.5732536860958541,1.174181824019836,0.3395955746788906,0.2815590181229446,0.2475075259643704,0.25442354737999806,0.2880543492536768,0.09883160042745982,0.14851607826582652,0.723436749071159,0.2136615707571495,0.3460456588351746,0.1829402123375314,1.1948953158369051,0.1600790245353909,0.23483755102569182,0.38003198409283323,0.27592598305474275,0.6076496436020158,0.557539020637894,0.26034543733630927,0.1989113913186757,0.2092510518115025,0.24717706180296625
74.0,0.28685549535506083,0.5228914425156873,0.2648801355221466,0.31892647194048324,0.2201694686386099,0.24972085528186952,0.21432819063503894,0.29819426603202387,0.3351989790855358,0.19286838275335447,0.8978361359967255,0.18439799133021895,0.12363269072923667,0.0,0.34549276779106,0.41298898906740183,0.28040018768260705,0.24445695461416547,0.35475636959101753,0.4776772087420305,0.38679276728313283,0.22225496139715728,0.23075912040277155,0.23944282651139767,0.24955338832546756,0.14220112455846518,0.23891804408238818,0.30721364221663094,0.2150963065537217,0.6732791364999406,0.12792044133615452,0.3918241448504082,0.18546491172644147,0.22458319076409167,0.2542522183016421,0.30777468214482573,0.21090060149687506,0.2884546363332888,0.34387952837090424,0.16549943338145545,0.1745686386226182,0.45507794322807593,0.3625323167970395,0.20367815427857405,0.20813836599534918,0.20965646624719722,0.29965349796087665,0.46983387141168387,0.4364823058824158,0.19980680318453875,0.9949497950562651,0.3509605010012817,0.5675140713719591,1.2074017598040485,0.32253502871748174,0.2622298675641214,0.28394140805552054,0.22554125003120612,0.3359360634080045,0.13631522193696832,0.1983831417965026,0.7322764682782853,0.2098137632176746,0.301504509763679,0.189022703301808,1.1397081728953757,0.13539731373516412,0.23812738486546772,0.4073390037450394,0.3015268163816326,0.6749319831871292,0.5554598835123447,0.25276342364903037,0.17086100204227636,0.21028844311656622,0.19160996912857406
77.0,0.2604456054579613,0.6539945492808827,0.1936966466895922,0.4261580641816029,0.23035187434682097,0.1691897691802609,0.20341377815652842,0.2161686239055831,0.13933462935828905,0.2169927677550011,0.8965334823353133,0.2934940345524425,0.3237397539367918,0.34549276779106,0.0,0.30914828901441305,0.22912697450104072,0.24241367214266527,0.31946338813538927,0.3246030951286021,0.24449451005186826,0.22133609156111364,0.16818397543243602,0.3064487229006553,0.2435661798834963,0.2950615817429723,0.34230171550232913,0.34406348576283025,0.16652025968856776,0.5878075281554286,0.27013841182767995,0.4440488457065267,0.32645038430195433,0.3406265937401951,0.18814460097328373,0.3548237307310181,0.2500434802243305,0.28126676560371894,0.23388933031938539,0.24370570397965677,0.23213277112911668,0.5014273787081571,0.23688370735462702,0.25135814989984245,0.21697853683212334,0.18934322440565432,0.191695643463242,0.6521043937909742,0.289124860619484,0.29102602208866685,1.1571954625327319,0.3415963453021251,0.5822422437812235,0.9182025770672626,0.33798281715895045,0.30129625300113544,0.42320341504112596,0.2945215773729829,0.27660311108353,0.3323169539658235,0.37489380595984095,0.552469659246795,0.2612043655614139,0.29871493171983576,0.3230908260717802,1.2043673376471542,0.25481390503903134,0.21884993568537167,0.2834429907980759,0.35451253748162703,0.4279708594551175,0.5318632076108372,0.1357633455478972,0.34913390559946267,0.22150289093005726,0.2770260814067026
81.0,0.3688004529437906,0.7236806065998197,0.324246673747241,0.5061363560286928,0.4379363422623341,0.3890359671462455,0.37323927143817937,0.4018831034193137,0.3798793961064498,0.36265251353085726,1.0920548957799348,0.44157478882989204,0.40175246952714094,0.41298898906740183,0.30914828901441305,0.0,0.3043941231651024,0.4035330120540576,0.5718468587917073,0.13351296621404182,0.5009315841617632,0.3610304685847535,0.3419861920005659,0.3248523662897937,0.41238516771994654,0.39627822171231286,0.48019889028394935,0.4112985766971736,0.3076715455698864,0.765009439608859,0.40952121381776285,0.5991950249488419,0.37193517074051924,0.517466877825577,0.3411911053949994,0.4888449980522049,0.36002561311494186,0.5177976455884684,0.3293273586468493,0.31292264131656994,0.2975381665530189,0.5785378351820594,0.49279037590226604,0.4553306308959983,0.34285192185093677,0.3219783143591788,0.36228007435031345,0.6764339494689333,0.1189133622759763,0.3540371408714393,1.18597457231384,0.5147756535027154,0.7617459276597176,0.8882171475685803,0.43317961447380554,0.49696152738306504,0.5188786098381177,0.35621254037006883,0.5055913323165975,0.4592374572229406,0.4734753632012358,0.47553829069467357,0.27975086446237557,0.4254916161509966,0.4197127116474965,1.2962403091478265,0.3773882216579425,0.37746573928687843,0.3744279610681429,0.4294813137247096,0.5841992975543291,0.7108346254661735,0.30378790542880446,0.5070388455368834,0.3093617378132245,0.43464604405943896
82.0,0.33390120444742977,0.5925636632742098,0.24739398782983849,0.4551735284202839,0.2608522684895024,0.25821740428066364,0.24458354411306868,0.3121244606618439,0.28039635664157886,0.178361099525719,1.0185929852703237,0.31269283117413893,0.2423245132897161,0.28040018768260705,0.22912697450104072,0.3043941231651024,0.0,0.33298203912836943,0.42897759710625805,0.3376839926008323,0.31942051683359546,0.2154583843396944,0.18444183729869473,0.32415022021816214,0.22577523923480708,0.2785519759365393,0.3636571894535568,0.37265198673410305,0.15512032470723056,0.6946172915188796,0.2389674229549354,0.5064094445338022,0.23540943956008942,0.3582572409704924,0.20424197508076597,0.4030767084798813,0.2997132841513014,0.3538769671772217,0.25653391410092224,0.2156194731880686,0.16328530982631256,0.5724201461331627,0.33135310374217497,0.28062503437738817,0.12193717334022627,0.20254095941084993,0.27152945497364345,0.5038831030094433,0.26208347464699194,0.16979666724758027,0.9958017003298952,0.4547718689289308,0.7066098623382876,0.98444307348015,0.40051577681031003,0.34034783627046417,0.28520292749027554,0.295728559492506,0.3515325936124687,0.24381329339435712,0.34445100833575515,0.6024324875719222,0.14471372742167427,0.34825371010842965,0.3071798379258875,1.2776695384009327,0.27454372766079366,0.1844368296868043,0.34184826155959286,0.20092929634428106,0.5586899362650293,0.6741848619519781,0.22754843433228242,0.36179760577258363,0.18369269973250932,0.27326249244703676
83.0,0.2023104060597692,0.611351623282846,0.16519094099496529,0.2704564261106936,0.2051803317438643,0.15388987027295803,0.1349800730921525,0.15471426530620433,0.2385592097920359,0.22613541825142733,0.7843258026266061,0.17725075464622195,0.2633984069617571,0.24445695461416547,0.24241367214266527,0.4035330120540576,0.33298203912836943,0.0,0.25497940847413236,0.4340885165327333,0.2852076946174103,0.23689958923312424,0.2195318989580284,0.2011504411761058,0.2238563231249188,0.20148330300126036,0.17374988962134755,0.3038921364402382,0.23238831255151923,0.589095092285608,0.22913762402861604,0.30835508224527247,0.3082223791826596,0.2244809212244576,0.2100159954275813,0.2768337909841293,0.102179153978093,0.22023537794562692,0.34068239395671707,0.19749833877756034,0.23643813006331935,0.33357149992342716,0.28174856364758394,0.19260561180818336,0.24782734410781987,0.16880155278066142,0.27349080918654406,0.6323134429832445,0.4235529823617806,0.30292584010751084,1.1586633463012403,0.22039804843890357,0.4520619179484991,1.1111688138302176,0.235907042144457,0.16605841616985637,0.41572080962108315,0.2761529294359194,0.26721525043923344,0.2739624159103822,0.2492625221852806,0.6318172991647946,0.2918866966553967,0.31055427914929007,0.24082281236393405,1.0446524756332833,0.168815415121393,0.2531909855832562,0.33506753165809644,0.3687293159354272,0.5846197729413156,0.4174987593944403,0.17050180148962107,0.2019320652363916,0.2428556468594221,0.22664486082084637
84.0,0.31908111974852554,0.6672445999492258,0.31229242871018914,0.41786713809419324,0.2584404083690553,0.20507672600608012,0.26426810986331684,0.2457066724057737,0.2537602548998228,0.3148490553024075,0.658796495140087,0.29321246721451466,0.37510616948600173,0.35475636959101753,0.31946338813538927,0.5718468587917073,0.42897759710625805,0.25497940847413236,0.0,0.5899576205349576,0.32041365010375406,0.2860070697363757,0.3027657548654929,0.3894205379474087,0.3342425496110899,0.3281577839030172,0.27039198789966196,0.44308592016912624,0.32684649167646906,0.48261934759780895,0.29166203354326614,0.31878017126222785,0.4102761818579167,0.26967866303120036,0.3408641812741874,0.3131480368974428,0.32833267662584614,0.17664349341469412,0.45198752681626625,0.36060657614606534,0.3699788016897683,0.45122237094907547,0.20129227518857862,0.21539554986256082,0.3490068867872106,0.33160532951788396,0.29486821471524943,0.7125555050892957,0.5783173748316519,0.42022747423439494,1.1743121817744206,0.24309229855158346,0.3700177362071529,1.1441368327915553,0.3494621135257937,0.25971315057790956,0.4683047754794994,0.4101802313646865,0.21244076640331572,0.3415785347250961,0.38502000373374456,0.7462111829363414,0.4281581401564772,0.3824432319901615,0.3722311412170988,1.0753861406326106,0.2991236993818477,0.34334271808594846,0.43409547237535606,0.4623734773994144,0.5817198479762332,0.3407566475636099,0.2775803392411812,0.26389370988335875,0.3852323910112811,0.2966688551151721
85.0,0.3828083146106463,0.7683130343840424,0.363178279183253,0.5518489491770017,0.47151957926526056,0.4034357679428471,0.4053027810975747,0.3929008544361017,0.37588650515288186,0.4162604635227388,1.070257788892439,0.4764057496349908,0.44727698398911697,0.4776772087420305,0.3246030951286021,0.13351296621404182,0.3376839926008323,0.4340885165327333,0.5899576205349576,0.0,0.5302905166474707,0.382983006440687,0.36947669244826353,0.36044324842817227,0.4462919942562167,0.45316474006480595,0.4946064286201943,0.4779033817684177,0.34818071938952,0.7355820274332443,0.4724608533501521,0.6102975390156692,0.44321998133213025,0.5717606228342181,0.3933183302571305,0.5099445959694741,0.4136673232532401,0.5366654486375149,0.38894723635385425,0.3750718070232274,0.3454592473457994,0.5706648107867608,0.5000338589587564,0.49301835477361516,0.3726684432892224,0.359222816945884,0.36961995606315917,0.7200969952470679,0.14170219251626215,0.40265486792391264,1.1956660548939535,0.5180725108726993,0.7572366698232892,0.7991866183358509,0.4332352542643708,0.5238042931622756,0.5478259423060096,0.4346727572881882,0.5047659816555239,0.5038310921269268,0.5190768683477797,0.3788427129709269,0.3379627791114219,0.5143199375631899,0.46892275425643604,1.2953945979095391,0.44115300233447124,0.4188207887404604,0.35261996524360517,0.44008902647215853,0.5607771630665115,0.7029863265371228,0.3281992153774415,0.5603911952559099,0.3779395010149333,0.4952548774728995
93.0,0.3895458452506292,0.6135874711977218,0.27579892188238964,0.39762152287140934,0.23867403631524903,0.27081960875736466,0.24802684247142107,0.32661587486296273,0.304021186861515,0.24115574451656877,0.9227612377817829,0.3150733707005549,0.382117149884155,0.38679276728313283,0.24449451005186826,0.5009315841617632,0.31942051683359546,0.2852076946174103,0.32041365010375406,0.5302905166474707,0.0,0.35218376748933833,0.26325306667878756,0.39621518318994875,0.20353288114554802,0.3472619662117895,0.3573782720798091,0.38616495034962905,0.28620356308600675,0.6963448913479029,0.2999567283121496,0.42537371604003343,0.35645857474767856,0.3009492553807206,0.2263054952837076,0.44680060438408165,0.2874079817607924,0.298203015381109,0.2953235167088044,0.30191897353397035,0.3249004285944721,0.5339075856615009,0.3026445828208471,0.26931872462136464,0.27646792994594843,0.25744048766622657,0.3582316518719682,0.6366850734345411,0.46209446220758704,0.3383646042010389,1.131219490451067,0.4271327603453624,0.6304568381147448,1.0676481505182998,0.412368924568345,0.2292618147508524,0.40722165947528166,0.34627159600037133,0.3492133446510348,0.3352796316262514,0.39336115932529947,0.7001437481323706,0.3439914206709591,0.3116225805804531,0.3423246253111072,1.1425696250361788,0.30932103132796956,0.22225968425409548,0.3847280007916957,0.3618369663716637,0.5565806636528564,0.5998889254901026,0.28871808819457667,0.3396226312836236,0.28986859698183837,0.24639381351779033
98.0,0.2097167874805252,0.6326410919164117,0.20772160857129024,0.43878660146600057,0.21610263134776495,0.13322613494766633,0.19552690185501811,0.17515754899786773,0.17963939273539342,0.21140038945808984,0.8255310553517781,0.24599647903311156,0.19465468084726628,0.22225496139715728,0.22133609156111364,0.3610304685847535,0.2154583843396944,0.23689958923312424,0.2860070697363757,0.382983006440687,0.35218376748933833,0.0,0.18422080352533862,0.2918401472203497,0.27029407751155954,0.19536842252556524,0.27261191971306525,0.36529087536639315,0.15771959878066097,0.5109903537316384,0.1869855154424688,0.4316221206388058,0.2923959467218875,0.2736329675412735,0.222721410548736,0.2334662006789752,0.2546586614706285,0.2130633633604081,0.35146268440147255,0.23599156026442042,0.19534725272360626,0.4937530937900708,0.19464986246106325,0.1724665207215284,0.18454577808104708,0.21207493276475403,0.18357836835261093,0.5752190959238677,0.3747055994489839,0.2525231775789469,1.0721521735809587,0.2762742499654251,0.518581356696998,1.0448873698169785,0.33673802780804546,0.29834819800852896,0.35562776219396575,0.3136801196132635,0.18927131558140906,0.2181697730033338,0.2666720741552912,0.6405103556613366,0.2460596122014941,0.3434510975890855,0.29985213871779803,1.2240402363530316,0.2070878855024665,0.25569665745488496,0.3694946453217688,0.31337615148667797,0.522243468321234,0.4847397624729288,0.16086347419171265,0.24807510480574826,0.21978995897566386,0.27231570091648133
99.0,0.27192764940250486,0.5144158711654306,0.2173640146998884,0.3488154871355245,0.14148440817095012,0.1358479605376533,0.16423778150063506,0.20975380223287668,0.18411384853402224,0.13824210878580306,0.8991672285485794,0.1748298259033193,0.20330985655646788,0.23075912040277155,0.16818397543243602,0.3419861920005659,0.18444183729869473,0.2195318989580284,0.3027657548654929,0.36947669244826353,0.26325306667878756,0.18422080352533862,0.0,0.24236043307408753,0.1412966187831876,0.2412905023998133,0.2469412057896981,0.27661524941859805,0.11218736226950524,0.6271179619322592,0.19010278010116122,0.3804354800049646,0.21042344240462577,0.2704553603961134,0.20784448987251147,0.31390365539835857,0.20938058596937179,0.24837658886137115,0.2106225440654673,0.15100670678747402,0.10813390652482005,0.44505511606823867,0.2763531329261051,0.20196988540926933,0.11244450494138801,0.09420499561798258,0.1524721046692462,0.5405643055189877,0.3177706077539045,0.15327117161546253,1.0210760270420265,0.3312114186438499,0.5713971177981444,1.0241474803582211,0.26820749104566116,0.23481349004389424,0.275826903265338,0.2347586479756836,0.2621556615585622,0.19856785408235936,0.2927047492758516,0.6000466866305288,0.1706440949275491,0.30631363028063086,0.18429065103434678,1.1515768147859051,0.1687232199919777,0.11440426537183468,0.2260512388871977,0.252412462573514,0.5265293468167328,0.5335585113304883,0.13968123723664277,0.2731275993786145,0.19836487150245485,0.19178251668389118
104.0,0.23526576072608307,0.6095068574049486,0.224101189532076,0.21353949691535878,0.28113835039699253,0.25969302663165705,0.1838373047797189,0.2599758146760472,0.3117194706993175,0.23562365221258297,0.898355106173939,0.23642731101868278,0.28048989528848617,0.23944282651139767,0.3064487229006553,0.3248523662897937,0.32415022021816214,0.2011504411761058,0.3894205379474087,0.36044324842817227,0.39621518318994875,0.2918401472203497,0.24236043307408753,0.0,0.2729253184158433,0.24519381723383896,0.20649222768938136,0.3543803287826097,0.23590202219359363,0.703620437937783,0.26942996001602165,0.30061834303764884,0.24744039467024226,0.3611376593216071,0.2660387443360088,0.3965986230723828,0.19332385019122006,0.36426032203910497,0.32726409738622325,0.1558919660223076,0.20213816230566595,0.2932310118709209,0.41450402538038195,0.29695750728307707,0.2396951586635211,0.19122782203567365,0.297458126048176,0.5811003241366633,0.35119628339676856,0.2788883950066936,1.0924180328963788,0.3457533146169507,0.5565243048367909,1.0783470445800183,0.16247747321595662,0.2561713386356337,0.3830366634101041,0.23966300923255288,0.39591744015273456,0.30937171312492806,0.33455791237857413,0.5345755106033558,0.21684864657397127,0.3568788756928417,0.23366548219756175,1.0093387377293845,0.22943143809237707,0.2553315454228281,0.286230709214777,0.3184998888523452,0.6655596476599834,0.5336080441111873,0.19556940132465234,0.31785109217180546,0.2585081636141732,0.24943462461242788
106.0,0.3460167710551492,0.46999044238479143,0.22967127100905593,0.3099681615436888,0.17804871747525072,0.2061611685984808,0.1870327302199411,0.26807634875950426,0.28836417228555955,0.14972305732343918,0.9392961831636867,0.1894506968211068,0.23721853797145065,0.24955338832546756,0.2435661798834963,0.41238516771994654,0.22577523923480708,0.2238563231249188,0.3342425496110899,0.4462919942562167,0.20353288114554802,0.27029407751155954,0.1412966187831876,0.2729253184158433,0.0,0.2735140474260469,0.23891521149845835,0.2690054337960814,0.20713019233708607,0.7095910518002316,0.22374094368523245,0.37959358778398905,0.2090018037623781,0.23560561641460878,0.21558573195823436,0.3624565998018954,0.19298888509837372,0.2864035873979566,0.24780347340973943,0.16205894989701103,0.16314019122882803,0.4454328070407259,0.3326032338788942,0.23756017844756988,0.1517085895693076,0.11708943400448762,0.2875007324909553,0.5407108222642039,0.3781042049173974,0.16436924865766167,1.019655350039856,0.3888263381576063,0.6199918258998709,1.0923272088294613,0.3109747694193329,0.18654681899028566,0.2670444187422537,0.27243313407864245,0.3260144517076267,0.19815666085692824,0.28544431089621836,0.6502106105168522,0.20891050268575498,0.32905841759154353,0.18259204994335795,1.114920141804106,0.20091150117727555,0.11402626300416271,0.2760667944327885,0.23703611751941006,0.6137129690130154,0.5855358891272494,0.22542578815170175,0.270828421178401,0.2295158695558825,0.17995882858886858
107.0,0.18660427667869303,0.6268812661304007,0.22533220528440867,0.33845002045003597,0.18973546662255003,0.22270241374201663,0.1660941188287632,0.2477457354721201,0.2753384309467181,0.20019107023972982,0.8474792583854469,0.19953102729641342,0.16841435113347464,0.14220112455846518,0.2950615817429723,0.39627822171231286,0.2785519759365393,0.20148330300126036,0.3281577839030172,0.45316474006480595,0.3472619662117895,0.19536842252556524,0.2412905023998133,0.24519381723383896,0.2735140474260469,0.0,0.2638585220859447,0.3510268005422167,0.1807454287621444,0.6041531534446835,0.12017742391644841,0.3901520549870469,0.2709632583440696,0.24599274187862563,0.17935501666610584,0.30602268357996887,0.19214765433989192,0.23237265538478685,0.332517195626214,0.1947227511355517,0.2186507558080637,0.4567493612672813,0.29817756558293373,0.13776661029351725,0.21252605902216742,0.2105454079083053,0.279662284728756,0.48844613986430907,0.4250884198572862,0.2622877492375144,1.0562950895014116,0.2926491780150661,0.5202656363068526,1.1642782847529256,0.32150567452394907,0.23603425936231004,0.34656385040257487,0.20453798320451497,0.28736573097365053,0.19452141681628488,0.1913545637350243,0.70855058642655,0.23579046177355503,0.24973439983261947,0.24716935319942226,1.149259609137748,0.14932434686348567,0.24777898962372893,0.4248173153310089,0.3257198101521153,0.5884108635027127,0.5170015478588669,0.2141558035845696,0.1592118348940131,0.14878785492888427,0.2014288514919422
109.0,0.2786752424414953,0.5638365522465426,0.2556133164488744,0.2466363695808672,0.24357082033074248,0.20786705636286137,0.18833520576250692,0.20768354106966128,0.3058579373244101,0.25424948414234155,0.7741649444972368,0.18597415391400302,0.26742033383758573,0.23891804408238818,0.34230171550232913,0.48019889028394935,0.3636571894535568,0.17374988962134755,0.27039198789966196,0.4946064286201943,0.3573782720798091,0.27261191971306525,0.2469412057896981,0.20649222768938136,0.23891521149845835,0.2638585220859447,0.0,0.3757394272669886,0.28433621032131257,0.6274509968607546,0.26589770767897325,0.22395841333820388,0.293993391431628,0.27021416991080155,0.30881644720580786,0.32312901558637874,0.22142365144361087,0.2676097561160203,0.4134897569420528,0.23219840337836362,0.25099894996574296,0.26974993187893004,0.34459566124160435,0.24239357188398558,0.2542331682980103,0.22294726343703924,0.30841680161143675,0.6011208030157559,0.4867448302377082,0.30212351826565326,1.0636862018742743,0.27524107924304214,0.4571125756273655,1.1590969208649087,0.18851806870537086,0.1684536331937087,0.35088366757085304,0.34133822721656953,0.30385048769055417,0.25305155942863605,0.29181144809668624,0.6397715595999469,0.3077622135654551,0.4170066464976065,0.23806961456192074,0.9716536241001625,0.23941389753989248,0.2718383593818679,0.32730441327367504,0.31892832566815954,0.6898564060817529,0.43807252450905937,0.23928713165351223,0.2419165732504239,0.329420812849441,0.24855819469997167
