A,23.0,32.0,35.0,36.0,37.0,50.0,53.0,55.0,57.0,59.0,63.0,67.0,69.0,74.0,77.0,81.0,82.0,83.0,84.0,85.0,93.0,98.0,99.0,104.0,106.0,107.0,109.0,113.0,114.0,115.0,117.0,165.0,166.0,198.0,199.0,233.0,234.0,240.0,241.0,249.0,251.0,252.0,254.0,256.0,261.0,262.0,263.0,302.0,306.0,317.0,325.0,334.0,335.0,336.0,337.0,342.0,345.0,346.0,351.0,353.0,354.0,365.0,380.0,383.0,404.0,406.0,411.0,416.0,419.0,420.0,421.0,424.0,425.0,426.0,428.0,435.0
23.0,0.0,67.19240071393506,18.76562222564809,36.943929063595014,20.420795927353776,13.398794524182518,14.488654979441945,20.059946013749432,27.458729039416312,20.54432504526979,168.89273649893968,17.70791038552428,19.844807776565535,25.256025023493702,22.02387713994194,28.527801593351118,29.225101485940677,18.602494813996564,21.063372049354495,30.229427542530054,28.909484161296948,30.321027282975663,33.29240239091277,28.521116285790836,33.87764835970542,34.47969594649669,27.427842675016432,44.683970378000204,39.461399852669494,36.563977909999025,35.15609223497925,35.090251101186794,33.3731217618602,24.209004758079185,16.683361708007862,20.860967388635515,16.742234384079318,18.760259713796014,29.04116040551287,37.05454970179802,20.138520140026237,34.066450132276536,19.593303347042596,15.151596270404797,20.0303797588781,18.701676453910903,16.410846373249615,63.33485240602228,73.04108140636109,24.883217901825113,151.92443908978504,61.294500087318404,109.5402271444954,244.83591785753154,26.060174196935087,20.755627101918847,47.831279296775755,30.43529020298174,32.347702705682444,21.74311966537098,26.539811845610043,47.45235438484894,40.05732972254064,24.82964787416216,23.464344585143518,116.18413150511624,16.421985312786337,42.24719860225439,31.964963941994046,26.794152253487926,451.82617059111243,79.60413264372093,13.569228019932922,29.502291429246256,22.91195744550895,26.00840234997841
32.0,67.19240071393506,0.0,63.22210162514795,49.48714023547535,51.51718916044726,61.25224275746658,65.01907036710769,60.537082477467536,61.94073075411021,54.23046446605255,182.73605209773066,54.00414911536089,56.2450363024725,65.1123651743864,61.9524003071824,71.86512974150226,71.14216088964628,68.16736606529001,68.49163823414911,75.49237266249501,72.55973941470839,77.13640991838916,74.47883739527617,72.26800787879134,72.49870381224729,79.5890855526647,69.95662672390124,80.2370728621517,82.40851762980346,86.12627523539085,78.03609385484928,78.18634279281207,69.58127267224324,63.348306182824906,61.86784499516353,62.60086988580272,60.01602521554807,67.90681170732543,52.56489284466487,77.58091411831703,57.74811641420188,58.84292821853643,69.07522090889641,65.15562461445379,61.828814712337746,60.291628500868434,61.627718971006345,55.793080142813594,73.15797013020759,47.46956261866757,116.23405449890804,75.46773450558513,118.78688698167754,252.792526112183,53.574712659509395,55.10910067390891,38.90294358574408,50.34578308262209,62.46190870137677,52.322482841526906,67.09442690715476,80.09847551686583,47.9643410655447,61.886690532041605,46.545132371045455,116.4220105817694,55.72072809613048,47.106849086781914,51.10846660422397,58.60717130799233,442.73674015412513,95.17849647982972,60.5514704953517,52.92366394413241,55.86097778384982,50.53722804171099
35.0,18.76562222564809,63.22210162514795,0.0,33.413854246888135,22.603101396310223,16.312245665541603,20.71232003368581,18.62586029877416,25.604454369014345,14.721620010577077,170.3161620249803,24.997286830863533,26.374575332535283,32.24867918692671,16.42622058745105,31.72186646065836,34.42464750117446,25.355649751410095,26.305348329431826,35.212655096277864,33.30611161218814,38.4040889557827,40.71493218437174,36.182266812293236,39.688979632513345,43.5685926969229,34.793121554945486,51.30865966344897,47.77856598280724,44.74371473643174,43.25081297699961,44.151974707843486,38.13785912318087,27.562640117922477,11.184484522998721,25.233927913474584,17.87946991879222,28.859544737862667,27.840265554977186,43.969611699462334,22.92380066224219,35.633130542389296,21.116812195093868,24.178965875591235,24.8050506223279,23.06520678082982,24.84832386419791,67.07304534924552,63.80763182400666,23.742584194340168,154.37091758112342,59.04875893999648,109.56320105039147,237.1843601320381,27.99227698019809,20.55558031742122,45.89705453480604,29.74382007293705,31.711326906683997,25.19188484361867,34.89801507677713,43.81558367840761,32.59301983768719,24.012380986688978,26.70646702498718,117.26845154572295,19.765018269122343,34.84613864817282,30.496417134485753,29.205633296463006,447.4995465104376,78.65738843081628,11.168604771026663,27.68517616661552,18.50103535350414,21.50600077507113
36.0,36.943929063595014,49.48714023547535,33.413854246888135,0.0,29.148001753446803,37.97392363247163,38.667405555614685,34.15394461596554,38.42493516545338,28.895572873530785,167.11136738197342,33.72945120644938,39.36111306801042,45.93498467576208,38.23324405782621,51.451669810812426,53.781618028880125,43.29130084553101,44.20693331726733,55.445227337075984,51.84929594893325,58.26042317144806,57.40075766258549,49.67130036115859,55.50028337054767,59.71646203057063,48.474835156060934,66.51744226673355,64.57553441738206,64.61783013775839,59.45961484681088,54.818894648096574,52.256576374255076,44.77193671722028,33.37546193645443,45.576402282308756,34.798456875357935,46.73637177588292,34.56323000358975,59.3079311098655,38.701501542742186,23.171087422697923,45.641546643942384,41.67380207730142,41.651738884075385,39.38313960151274,41.867859731793764,55.12918655143598,63.84179916113587,33.523638447189015,138.071809820918,56.39763422184204,102.44768379130328,243.65761641206115,21.283872918718394,24.745479137535778,36.72128019472138,24.70014860107034,43.72747189892449,35.868072244853046,49.80909698639785,53.69919988556528,29.692393717897524,35.115687234863955,29.152135482962677,91.29323542400502,33.879328620739074,29.62907214483849,33.99907370956851,40.11462355400687,443.77743853677936,76.95336964427364,32.852050775261745,30.363699411484696,30.415265823930444,22.354608726924695
37.0,20.420795927353776,51.51718916044726,22.603101396310223,29.148001753446803,0.0,18.15980886783777,23.854127011359978,18.262469238508334,20.815494434724165,14.200900880957215,164.95289102124713,17.78941015109701,22.558348541154896,33.136122978426094,20.38874050977156,39.843125855602295,37.78946365710133,29.96019401194489,25.940181034069205,42.6453161500961,35.720213690027826,41.93609538973842,42.61827890952647,40.05221199263388,41.934290000505996,45.962584518374236,36.96435769566776,54.08306502094534,50.33638193955652,42.94695338055111,45.25453882666196,44.9785842910304,40.99506973832016,29.019984606591127,17.42913085869933,26.7446064429434,23.3293814588467,26.222907016125433,21.76716092024197,47.35928294921754,24.49116771703891,33.48865861242466,22.327975628678914,22.126364637865525,25.320640317073785,24.634012781765115,21.08488332699032,51.97211032726576,65.88901693447306,19.36673856376926,138.3564252352422,53.85222679995141,103.26988631420706,241.76104389764754,21.834495206204558,12.702052232194102,32.09398213179086,20.77870156959983,24.392378363682518,18.173370120643764,34.74988482643746,52.62001974816903,29.250804708870998,22.149748048738324,18.23424272786436,112.50863933911077,18.44696800161359,26.791936859287077,26.486500770385057,27.185846662350542,441.9409385159664,74.90733846531438,16.893510695179728,19.914242742869316,16.978733212732056,13.083984682556073
50.0,13.398794524182518,61.25224275746658,16.312245665541603,37.97392363247163,18.15980886783777,0.0,12.690083007251651,17.963768689737375,25.86186251475014,16.82674497746374,169.9295615618013,14.844994723720363,18.06752542675691,24.17530973483286,18.03165018849877,28.679379263730862,26.294015242133277,16.80274260160943,14.602540387312558,29.781354721936975,24.512639499684592,28.25701396370414,30.318623279947268,28.487947988372305,30.251750648813452,34.67854189644455,24.630609920240744,42.31101981348788,38.27618202941472,36.51870106332571,33.9681746503957,34.0021019834278,30.595738042341964,19.01724833056907,16.81403475400472,15.66197614196012,14.934577207725878,15.495075272953482,27.299403359394915,35.566814317114826,15.956669347375557,35.14963077014494,14.39214610521908,13.498718832972395,16.23518712341346,14.644593526659492,11.871054181262727,65.86924600932419,73.01840304343136,20.249596094911887,151.11482973538156,62.3260739310262,111.04015192447487,243.61783253945404,26.499857234314863,18.685391393318614,45.34456519620141,33.0340409922774,29.62576346403711,17.89379823867404,25.784118629710544,47.397998997732316,39.62522728865464,26.532863273472582,20.67453078655657,117.68168671019978,13.961202045160787,39.98773302349987,27.106175756180935,23.71274336931031,452.6641310688247,79.59191983774289,10.715780726303574,29.1759116734581,24.57357530867338,24.293075620723958
53.0,14.488654979441945,65.01907036710769,20.71232003368581,38.667405555614685,23.854127011359978,12.690083007251651,0.0,28.04317231088733,35.771729358023435,19.30955307813592,178.77582626835695,13.906052821524561,15.351227597951308,15.447966139428647,25.84164419713088,23.23932464102681,18.179669995839706,9.693018905438882,18.337957921348753,24.349727992168507,17.035970734588844,21.004539723850893,22.280067454606467,18.359232562239754,21.467005692355105,25.09751497586333,16.557240262315947,34.504735946473794,29.329923744164244,44.52434135720147,24.596963349314223,24.91983717225083,20.968892073910535,15.759661281778225,18.37230418345462,22.072064143820032,12.087032125743216,14.095282320429355,28.724299171540626,25.89509951169012,11.613393893428958,37.74187964323937,23.26206718854253,9.380196729487288,9.224948303801996,8.637372785767326,15.743970407454903,65.0669965349271,79.13618969381139,20.885298136287137,152.1195791744591,71.9414292756928,120.11426150507127,250.88863699287955,30.576276070127307,21.43311991087087,48.80594925898204,34.77661427021971,40.480778197794166,17.460053448995748,19.220330132706977,49.5661962195132,43.917689891484024,26.63637501708092,20.09017982246745,117.17225936409805,13.673718614566441,45.9181188820118,32.07179157648045,18.84842917482736,462.2128251552588,89.596052661763,17.042266692164326,34.85800293840029,27.414939602888655,27.157989129485337
55.0,20.059946013749432,60.537082477467536,18.62586029877416,34.15394461596554,18.262469238508334,17.963768689737375,28.04317231088733,0.0,14.755894407121543,22.091475498922783,156.126643761341,26.126700087370338,30.105293586840716,39.656740390138744,18.56912003438117,41.98455022258145,42.89061317231725,32.08767743691752,26.388646654826342,43.49515783655025,41.0170414663703,45.012536490332124,47.488338637289495,44.02806669167971,47.26177729651993,51.02367520215216,39.98604807707406,59.10178322935004,55.22827566746907,34.55541973891576,51.006506178101375,49.151678819334215,47.489226395060214,33.95247193981399,21.63091887080185,24.66436148507674,26.69593857933544,30.119813450692707,32.24690540818587,52.45795684125879,30.400566326556564,29.41624203397579,18.68924101149748,28.230512888385174,31.569740064097378,30.05954339767268,24.99715516853847,64.43107283709182,63.10095202694894,28.488304616378553,147.9110351401127,45.82369906970164,95.75790225747244,233.69073015424456,21.564835624588625,19.089347435413174,41.39862282921539,31.719874475255697,16.909431942508004,27.81018136637097,40.09914811648224,45.39436804072893,33.28332122553696,32.069066895864474,28.960632407032115,112.23370952166553,25.785405914469358,31.726369008244152,27.677066554871768,34.16294695246007,437.85181725906307,64.99371063491701,16.132263729428715,23.78988329739249,23.990211912601794,24.383075669378087
57.0,27.458729039416312,61.94073075411021,25.604454369014345,38.42493516545338,20.815494434724165,25.86186251475014,35.771729358023435,14.755894407121543,0.0,25.70079145201808,155.1116471007397,34.13037156505971,38.155373018049154,47.98711780303044,16.537336570821545,46.90954406021949,49.1547298519541,41.16601108725679,33.56186831239246,48.985235774640906,47.163702742436094,52.567577796995785,54.213153792057945,52.06370697923613,54.78903893826439,58.815852370234985,49.58081267366282,66.40322225001461,61.90464539496162,37.67608226525591,58.22540546668938,57.24762519317292,54.45884873404997,42.981806068413455,25.759980292192797,34.41059552830697,35.42619512228217,37.89916900238918,29.754268767051492,59.85870300919789,37.1009427613475,37.77283915242471,23.43083504965485,35.59122350648031,38.168783059871224,37.19010757344063,28.45498882967277,64.50232030399698,55.86556386067715,33.554189204335664,146.38317274035373,43.144681460422845,93.31290393496585,223.69499746384878,26.047062894551168,26.993141731700444,41.340903517909204,29.988515978115146,16.89286565796386,35.45300312412752,49.37353697897516,45.06995025054095,30.89935940350943,31.747241182323076,35.109469857168534,116.25900020016596,32.758354854353165,26.713822780515127,27.910586137065906,40.61379850069793,427.4332158455096,63.508927994581406,20.801712359422005,29.805280504134807,25.003895990739476,26.001914338702328
59.0,20.54432504526979,54.23046446605255,14.721620010577077,28.895572873530785,14.200900880957215,16.82674497746374,19.30955307813592,22.091475498922783,25.70079145201808,0.0,173.5748449297176,19.667883481654222,21.078936643878464,29.009968911141566,18.57864093920172,33.12171959852966,32.11846588748334,27.094325073426784,26.723560682385394,36.894030698281405,32.19689280862841,38.19479969244632,38.90817589744403,35.31067754250493,37.806783009444395,42.593959917601424,33.75493797016717,50.64833835993949,46.47396136962827,48.90393367882786,41.426331826696014,42.307956731630014,34.81655784018765,26.927442628968492,11.019706820219211,28.156778025754786,19.419699668413305,27.71946375572058,20.187795649638996,42.643609927354326,18.447325916988994,35.788897807121465,23.77734993140852,21.412715423301293,19.962294807377166,20.391452736357376,21.29057027979111,55.635559396769324,63.972209699063434,14.510817784134328,142.26616129109138,61.393455990929056,111.7453316128403,240.3588758164131,24.347490627936608,15.766628829772081,34.62999060105158,22.038323001494934,32.17031585809103,17.20778510966021,33.60066937846723,47.30502094691546,26.45782186095426,20.18501408587363,18.64878846328891,115.27524899988038,16.32418953482938,27.95572870727941,26.134949860114908,21.38787209337541,448.084937249748,82.59872259072606,12.238503526746761,25.420279588623544,14.118976379080529,11.256525898402725
63.0,168.89273649893968,182.73605209773066,170.3161620249803,167.11136738197342,164.95289102124713,169.9295615618013,178.77582626835695,156.126643761341,155.1116471007397,173.5748449297176,0.0,174.7912836476779,179.66872108589843,187.3330398759771,169.3589765788864,195.07246415664687,194.1427767665648,179.97958967357047,166.04890805736576,195.39002986131143,188.21538418752795,190.73847406395825,194.9338508526732,192.26333868878973,195.1539971948009,195.3437796699152,184.84746968962648,204.28288566887085,200.67032395525408,146.32928140382512,195.98337900067656,189.3285030686424,197.04001359763993,179.07605942900537,173.25437801936695,168.49800297359366,177.98032555478926,173.53677014704508,181.61960550745746,199.71530720965288,183.97491975473,158.77203090590916,161.89260820722725,174.99847723501136,184.078318332184,182.98914781913334,174.98435318933173,184.18210410671674,177.00307093048977,181.15357857499203,222.26460180999925,119.7344673907573,70.42622984040919,263.3231145135136,162.7878173974102,164.3048969983987,170.38073461637487,172.6932892121377,145.29442801437025,176.03581928601173,185.43408166007677,182.76659007856796,171.40356443760865,175.28305171254357,178.04974549164874,164.1104504742179,176.14964256379088,163.68442378101668,174.5995882300502,185.18450972792394,371.0169964030647,97.27107598723374,170.072580182113,156.08420029761658,172.27831122171503,168.11808334564043
67.0,17.70791038552428,54.00414911536089,24.997286830863533,33.72945120644938,17.78941015109701,14.844994723720363,13.906052821524561,26.126700087370338,34.13037156505971,19.667883481654222,174.7912836476779,0.0,10.432089783516783,18.135068725574694,27.531741364329598,29.550078332967658,25.768838042258402,16.574189617257137,21.793576930070845,31.48838849710561,25.269141602101072,28.346990892318924,28.334416012629397,24.761530558614627,27.316618006754965,31.266361447226373,21.730097993410496,38.332531401913144,36.09074834469803,45.32166787681787,30.934198564917708,30.95517552975832,26.702251151571726,16.728411892702237,21.80190935585345,19.269259546274675,13.142807732189965,16.55418478433302,26.262202031286282,32.23720907114804,13.428198666478192,33.47240451681768,26.450324470885185,13.57135407999642,15.092635786578265,12.183801692053411,16.272430721405637,57.79976943570954,76.97304741506485,15.98260312656893,144.08310821077194,66.5838667130564,114.75332740501135,253.35331586010633,26.080407584150382,18.229500350958087,41.681149865216064,29.653013225491883,36.77622478647845,11.40108508905687,19.400119409615723,54.07486586936668,40.261736537679035,26.831282685347972,9.61239648880095,113.79112469962669,9.446150840024671,41.630630147460906,28.92485052683323,21.07896420547065,457.87639627788076,84.91437400160875,19.564870901782403,28.300305093444834,25.72828657092571,23.92817367728313
69.0,19.844807776565535,56.2450363024725,26.374575332535283,39.36111306801042,22.558348541154896,18.06752542675691,15.351227597951308,30.105293586840716,38.155373018049154,21.078936643878464,179.66872108589843,10.432089783516783,0.0,13.718216490326762,30.864429278026638,27.099984193232455,21.72120088275594,18.512615480873773,26.07319611352112,29.443332456180425,26.29708423095682,25.34268502196494,26.938334449430734,23.95199238502059,26.02678122904707,28.432554205238098,21.86629167590428,36.68139172092304,33.82437655909658,47.3231213365888,28.268109940833014,32.441253386884746,23.823713096068506,16.33058761439653,22.727807823421195,19.47601795608017,15.592714592143794,18.324673154076784,29.460085743617515,30.074471700228543,11.332831153188652,40.38836002834527,28.29582473635758,14.083378893866037,12.743580189095896,13.199435812803463,19.06208812941569,55.8596676393976,78.03112796035848,14.432079654811643,142.80472467470963,70.97521316191465,120.01440291707941,255.7189315730974,32.44639413309333,24.09643518941545,42.108540345916026,32.520928798935046,39.8808196095396,8.126433359391756,15.780631500534948,56.45560941699774,40.86006866498111,29.12312682775602,14.340434606266129,121.40397520566084,11.638500827667764,44.64734971464814,34.15720867162455,18.104178118376193,461.2747038841723,90.5185342997211,22.60042858908242,30.652941324320693,26.047290789000403,27.459413813207316
74.0,25.256025023493702,65.1123651743864,32.24867918692671,45.93498467576208,33.136122978426094,24.17530973483286,15.447966139428647,39.656740390138744,47.98711780303044,29.009968911141566,187.3330398759771,18.135068725574694,13.718216490326762,0.0,38.45619432845407,24.322241936213707,15.493644782931511,14.845792980199269,27.11336819655258,25.74400199810504,20.797316579786568,16.183406572323953,17.692496172472744,13.978677611264104,16.482971824248164,16.798178802121512,13.614101062241474,26.10938384147172,22.97861013231769,52.13238512810389,16.41641339831003,22.483525809454463,12.7951647230813,14.44541162655071,29.66712795893824,25.105865961067405,18.83127011699277,18.848550906792386,36.74971995342547,18.40086489222524,14.944507639030789,46.08762004623849,34.269926828627426,15.978348321391211,14.339726257539098,14.939454241574174,24.259631412145655,64.94838866024259,88.1977706740064,24.436228438023562,151.06979768924796,81.61773636802207,129.16693358001493,263.4909365689682,40.32524584677377,31.896917529101334,53.18901705680701,41.473666027066855,50.4529899055429,18.92724536257703,10.768432024073642,60.464521365442955,51.441764847859616,33.91449435649933,22.839687499588834,123.16480742063476,18.327422367381136,55.42227910763952,41.7376584704437,22.397740723252358,473.1757604883316,99.09243168436682,29.546304138261323,40.53494182007355,35.75932279228131,35.81476750760905
77.0,22.02387713994194,61.9524003071824,16.42622058745105,38.23324405782621,20.38874050977156,18.03165018849877,25.84164419713088,18.56912003438117,16.537336570821545,18.57864093920172,169.3589765788864,27.531741364329598,30.864429278026638,38.45619432845407,0.0,33.25040396246643,37.13575900455769,30.77593705291862,28.684418908924844,35.99684596167354,35.12415228939728,41.9877647898089,42.714813165608554,40.989625352962214,43.0256235132602,48.107207216103845,40.54323448812863,54.05939189260768,50.35582980439034,42.22046562344677,47.2692156292309,48.40466334478296,42.702225170687804,33.794463335807606,16.247640848104048,28.845555875880425,24.688899544908036,30.99691063436856,20.194899228005617,47.9123625786219,26.377602962189286,39.70542951354322,20.644890520048946,28.071349383750132,27.924911290290154,25.81027999136195,20.614925481767923,67.38366873172824,58.6273430429308,25.579047238884556,152.70532932499864,57.03317728243514,107.89739846127115,228.26853101200314,28.038027790419285,25.135871217593344,45.47611581275958,28.076359592999193,28.48368610108391,29.893971708252494,40.244583805964325,40.45542664588303,32.344289126770626,23.878822331974984,28.429909564086028,120.8786849367175,23.94379347453386,31.575207865617188,23.498854029408083,33.03857938982485,438.7546601653011,76.62807029883339,11.801091013849007,32.82580426272752,19.88643428978407,24.011399550373564
81.0,28.527801593351118,71.86512974150226,31.72186646065836,51.451669810812426,39.843125855602295,28.679379263730862,23.23932464102681,41.98455022258145,46.90954406021949,33.12171959852966,195.07246415664687,29.550078332967658,27.099984193232455,24.322241936213707,33.25040396246643,0.0,18.53156132134809,22.969846576250163,37.305974733915534,8.302541463251538,26.535919384946556,24.05945450326027,23.088149019282657,19.884890138767418,24.809910089897162,27.493015869435823,28.092842395581783,29.8701026855939,27.62457619535751,56.733818670184085,27.468933582757643,34.284705038678894,22.204847860751357,30.046719728361143,30.842969367570202,32.8236695481891,23.573850940703895,31.31314558998256,32.13907518322477,24.49334292835344,19.438030306652646,51.02766621063737,38.99209038530464,28.97547338945462,21.577808891855188,19.21897717123057,25.28771503543539,74.39608175064745,77.96247925176948,28.991171327797147,160.98183638719925,84.686128618049,134.8489324304232,247.73005620902038,43.16023411493234,41.25695952176815,60.99074019395277,42.61647023709966,55.37889431710138,33.050177515181204,27.49941114062916,46.37922365611424,50.75746105949724,35.6746285557565,30.974958778905226,131.30746213316482,26.191169346689815,56.77698866984955,37.31312140457658,30.25792520064832,467.28959327917323,102.97640299272173,28.721451488972175,50.83002911919688,36.28293136319789,42.26864994658642
82.0,29.225101485940677,71.14216088964628,34.42464750117446,53.781618028880125,37.78946365710133,26.294015242133277,18.179669995839706,42.89061317231725,49.1547298519541,32.11846588748334,194.1427767665648,25.768838042258402,21.72120088275594,15.493644782931511,37.13575900455769,18.53156132134809,0.0,18.901542760636882,30.75885479142611,17.05157600284534,15.461211322443196,11.913520631180697,11.266576649469306,14.966199777772028,11.722357402978767,16.71065567800899,17.87285404025166,23.36139956143153,16.90033813815104,53.77355310604838,15.024950262615606,24.01791841274585,11.592668592128579,22.26871685274269,31.52721383026119,30.797681283674038,24.543057228524855,22.558276428580406,36.46201794683049,14.8135862111171,16.99091456992853,53.08716355475384,35.11132641628916,21.210900125753156,13.465033468602927,16.132120144737243,24.00379342878798,70.6082359147658,87.7128572701858,27.637869860472286,154.98312284391682,87.67075541073088,136.52346787169154,256.71851251933424,45.404131164693524,37.83332556444293,57.70709186359595,46.79434127121014,54.00776441536563,26.432448484038044,18.944514809478637,55.410393214290515,54.61166763408689,38.07523279148355,29.974436161874863,131.05144742793806,25.681329136932764,58.336345845519546,41.03377054309077,21.910074406383224,473.74937824861627,105.45216601551894,31.118075828082297,49.545744741316,39.200771708047476,41.47067728408465
83.0,18.602494813996564,68.16736606529001,25.355649751410095,43.29130084553101,29.96019401194489,16.80274260160943,9.693018905438882,32.08767743691752,41.16601108725679,27.094325073426784,179.97958967357047,16.574189617257137,18.512615480873773,14.845792980199269,30.77593705291862,22.969846576250163,18.901542760636882,0.0,19.282200526197997,23.273159930735055,15.587482253466973,17.62059085886385,19.260247367029606,15.337536416745492,18.219527173030027,20.937955275506305,13.278818968417767,28.66372549522502,25.827768498430224,44.48910696259552,21.27151491430458,22.18166339085934,20.190425262306285,12.674912282917115,24.765486688949306,19.96418757089015,12.246508406679952,13.307943910052163,34.27443270384245,22.13273797667076,16.24459341232752,40.10429522142611,26.80692636276241,13.01890228034359,15.541530113690676,11.579561800556046,19.99459907233835,71.62726926980034,84.74784014868675,26.6885470443703,158.74490811498632,75.06187546128056,122.34808148780292,255.94497108117224,35.692600941219894,26.961128107736226,56.14472266020613,40.63358235338012,44.550654103781135,22.55687444295156,15.02565646044807,53.78085969434334,51.03298488441797,31.06218366536445,23.760235817413196,118.86469452997899,16.460204906084495,53.02434138747629,36.904308646743026,26.075426318072513,466.78321806872066,90.9373287978512,23.100312257707643,38.34836078935411,33.64647947956884,34.1102920163142
84.0,21.063372049354495,68.49163823414911,26.305348329431826,44.20693331726733,25.940181034069205,14.602540387312558,18.337957921348753,26.388646654826342,33.56186831239246,26.723560682385394,166.04890805736576,21.793576930070845,26.07319611352112,27.11336819655258,28.684418908924844,37.305974733915534,30.75885479142611,19.282200526197997,0.0,37.13321625761473,24.160819320483593,28.21623332022987,31.02997136271369,31.019245476819307,30.985081329127556,33.92552596670555,24.023194526803927,42.34657092482581,37.73433318531564,32.865088256017785,32.82462556169797,29.98884200513626,32.903397862246166,19.443564094494118,26.751551064082253,20.373864964221244,23.486131972306318,13.268694698446922,37.74390860207736,36.14707724551861,25.829118325262357,39.65153490196314,16.139141293446748,15.27900319761682,23.958729502039922,23.297985543103053,20.319306425745733,73.07273253216633,85.07322654608069,31.786473284576363,156.55668150761852,65.95729281185702,110.36268769357122,251.08217814243858,34.04891230830661,23.68828986583762,53.29651695664167,42.29047696637302,33.72071259178432,25.12446741301494,28.24579605720696,57.04244822242862,50.88319950533443,32.19353794157463,29.522072254136805,115.83572754257109,22.57030286008503,48.939918124006326,37.50646342203349,31.78606752631831,457.942789963428,79.13661563830686,22.63071688160614,33.72136903753375,35.552054066748774,31.1726167499668
85.0,30.229427542530054,75.49237266249501,35.212655096277864,55.445227337075984,42.6453161500961,29.781354721936975,24.349727992168507,43.49515783655025,48.985235774640906,36.894030698281405,195.39002986131143,31.48838849710561,29.443332456180425,25.74400199810504,35.99684596167354,8.302541463251538,17.05157600284534,23.273159930735055,37.13321625761473,0.0,25.322453085832617,21.12467410338203,19.91763920810188,18.503430897575114,22.485859758557353,25.702939202182968,26.037980072425434,27.703412569664057,24.116831716922064,55.384600519740005,25.787506369162386,31.215404514610633,22.17393804179559,31.640992516389137,34.790966173658944,34.03292067201068,27.087454495493112,30.84742471296446,36.714718231546804,22.229313747453304,22.041465765080215,52.11102916781951,39.68832760641342,30.08554378005485,22.397541788087526,20.927878465000596,25.833816800554615,77.73745925661487,82.43784929876368,32.572343623822356,162.46135666224887,87.34323185137097,136.6707705166964,248.32268335790815,44.9715468167604,43.417719486102044,63.86560287149533,48.10191597136041,56.918016477663976,35.487411837491464,27.96433785485983,45.74402015129474,55.49787968816071,41.272651803880564,34.324358408748495,131.7616300456121,30.131351316653408,60.73086603505354,38.477059344741754,30.704952903617357,470.33822950103854,104.51472990331406,31.469263825828044,54.7074855480243,41.377820137364004,46.47303517614221
93.0,28.909484161296948,72.55973941470839,33.30611161218814,51.84929594893325,35.720213690027826,24.512639499684592,17.035970734588844,41.0170414663703,47.163702742436094,32.19689280862841,188.21538418752795,25.269141602101072,26.29708423095682,20.797316579786568,35.12415228939728,26.535919384946556,15.461211322443196,15.587482253466973,24.160819320483593,25.322453085832617,0.0,16.77259330707318,15.070883411531886,19.431073792714066,13.10311741792145,19.71355796301195,18.237826024072568,25.504838547681032,20.68750151260994,50.30177742526781,17.915113102508172,21.588432500229256,18.78997704965504,19.100432186452778,30.130456553475177,30.48129568500523,23.23908713752388,18.115829155506574,36.43489561398492,19.2366502471195,22.268952591756012,51.05336461325874,31.137019559635867,18.81882365333365,18.246601159741246,17.698136702810793,25.033403501943717,75.05224677647335,90.48109581240207,31.89490379916683,160.3052434189425,84.58334683416338,131.76173075943413,257.1175336848095,44.86519259319784,33.73473956188156,60.32353944163994,47.15056656101716,51.37980907442375,28.763338294014705,21.20013653523527,58.18878427559508,57.34189853881648,35.20595008308319,31.183476632125377,125.5667164923052,25.80205237377308,57.74501861931549,41.61281170676452,27.68386247821865,471.1031895111785,100.51617849915627,30.68072131345878,47.50146458692884,39.987252441057365,39.70940868847206
98.0,30.321027282975663,77.13640991838916,38.4040889557827,58.26042317144806,41.93609538973842,28.25701396370414,21.004539723850893,45.012536490332124,52.567577796995785,38.19479969244632,190.73847406395825,28.346990892318924,25.34268502196494,16.183406572323953,41.9877647898089,24.05945450326027,11.913520631180697,17.62059085886385,28.21623332022987,21.12467410338203,16.77259330707318,0.0,8.967388387059545,14.438970366414845,11.440582963151925,10.284236255627363,14.357668998563478,19.398487258000138,12.170981760912467,49.280144638311704,9.527030094378327,18.90828190869509,14.832305414838682,21.185290019433683,36.82797193306765,29.065412355624602,27.462245362741744,19.88346740237762,44.11751198925401,12.262397141849375,23.44089702844046,54.54304256486486,35.458635976625814,21.618722851258298,20.288796304370216,21.366397457918172,26.776291655904185,77.20947597117635,95.5127732665279,35.05109379998225,161.32652634275843,88.78626655685542,135.39719297035367,262.6940333311462,48.86196728789807,41.062418539387345,64.52666124771848,52.80075410942173,55.424901161968535,30.58166034343994,17.0219012785869,60.984916598400886,62.06491589064762,42.35396381969737,34.90667949023521,131.2878503566945,28.869173225355777,65.10824417879942,47.04460139133814,29.796194182368733,478.069367885552,104.00800348683701,35.1985766277555,51.525513513191335,45.33098359971868,46.67329266393304
99.0,33.29240239091277,74.47883739527617,40.71493218437174,57.40075766258549,42.61827890952647,30.318623279947268,22.280067454606467,47.488338637289495,54.213153792057945,38.90817589744403,194.9338508526732,28.334416012629397,26.938334449430734,17.692496172472744,42.714813165608554,23.088149019282657,11.266576649469306,19.260247367029606,31.02997136271369,19.91763920810188,15.070883411531886,8.967388387059545,0.0,12.20278323728869,6.194214765531314,11.8394802779678,14.95661143428824,15.346301571814548,9.265774053614175,54.63290266357819,9.512382083189253,16.933578002705595,11.353061494953232,23.68687313201222,38.542158618925896,33.02500457270658,28.306677346857278,23.10206174256973,41.88457484969335,8.101793386742855,23.058734677635748,54.419584713924294,39.361072759597825,24.507929944496095,20.346801440285933,20.527271573484608,27.111581458589377,76.91711800126374,95.4279358500923,34.45530195193533,159.87156634427942,91.60004338669823,138.5554153954328,262.5638588653934,48.52436542791986,41.92797012736238,64.23672185217174,52.34843862450433,58.563939253326105,31.949857393296043,19.543337896618795,59.946012672447615,62.328726116547735,42.9306589690863,33.507283038181185,129.25338103638745,29.76635612087311,65.01889040483917,44.66681289238295,29.37351530324851,479.41585036350875,107.04701408694345,36.5519141037459,54.178343973037094,46.58088909470526,47.04985859498305
104.0,28.521116285790836,72.26800787879134,36.182266812293236,49.67130036115859,40.05221199263388,28.487947988372305,18.359232562239754,44.02806669167971,52.06370697923613,35.31067754250493,192.26333868878973,24.761530558614627,23.95199238502059,13.978677611264104,40.989625352962214,19.884890138767418,14.966199777772028,15.337536416745492,31.019245476819307,18.503430897575114,19.431073792714066,14.438970366414845,12.20278323728869,0.0,12.461832676381595,14.26321102685014,11.902994094643345,20.724382622322562,16.69035512305705,55.746356625845905,14.492223547332257,15.873351480780764,11.144670620204675,23.07360614319106,34.95684682373369,31.907061700900517,23.04766923019688,24.117264009113644,39.63291867870419,11.461862253785586,19.62534432746125,46.596994769730024,39.588181967695505,23.251406975735417,18.623144086956227,17.456675232513078,26.65380118885667,73.54620738987053,91.047736288754,31.45627959321071,158.43431507778848,87.45355673750802,134.50895230868468,261.5072276310317,42.2721925906854,37.65733782790795,61.243382179945215,47.21313245941606,57.172058826675716,29.487256007867938,18.35455740536073,55.232265435636386,57.42019424102378,39.76876625837578,29.118942982302215,121.46616419428955,25.827218842605784,61.41173318384828,41.63419971194493,26.84419245955698,477.8487055033231,103.53145361026012,32.76742169148182,50.05863062667809,42.394636783051276,42.83614415284782
106.0,33.87764835970542,72.49870381224729,39.688979632513345,55.50028337054767,41.934290000505996,30.251750648813452,21.467005692355105,47.26177729651993,54.78903893826439,37.806783009444395,195.1539971948009,27.316618006754965,26.02678122904707,16.482971824248164,43.0256235132602,24.809910089897162,11.722357402978767,18.219527173030027,30.985081329127556,22.485859758557353,13.10311741792145,11.440582963151925,6.194214765531314,12.461832676381595,0.0,12.38542795740266,13.438301593883393,15.849734262415666,12.10592205591011,56.47883416499633,10.210229490353084,16.85630806622273,10.239347757473283,21.41423502303304,37.49569799616106,32.999672641954284,26.71767500599254,23.073220562262993,41.84770679350099,8.475673611418552,22.516221722217466,53.42425859294171,39.55182734649033,23.966886855917526,19.679588815402205,19.66693151760573,28.938753704513253,75.77467300003222,95.46891857177108,33.30171198738413,158.9540977626064,91.44379450523728,138.65180701105658,264.22799952717946,48.32108251409959,40.02858072678957,62.90000001219951,51.88325596405466,58.53630147960455,30.39694800236297,17.855608840469458,61.07067729334105,61.51600337952693,42.500528119991195,32.28310357537427,127.463732424088,28.94463602641456,63.970066552601594,44.95264706419233,27.86146127276573,480.22188729932157,107.30313919501796,36.67532179701144,52.70245155987447,45.79540773797082,45.7183532240808
107.0,34.47969594649669,79.5890855526647,43.5685926969229,59.71646203057063,45.962584518374236,34.67854189644455,25.09751497586333,51.02367520215216,58.815852370234985,42.593959917601424,195.3437796699152,31.266361447226373,28.432554205238098,16.798178802121512,48.107207216103845,27.493015869435823,16.71065567800899,20.937955275506305,33.92552596670555,25.702939202182968,19.71355796301195,10.284236255627363,11.8394802779678,14.26321102685014,12.38542795740266,0.0,17.06231220131978,15.782510489364924,9.541974363803956,55.80207894443961,4.84328151604506,17.835970538829294,15.018409095086769,24.02659466658523,40.759715388766686,34.83303863612241,30.296558234502527,24.535990742924408,47.3776512466227,8.902823222502672,27.918936776847822,57.4792299294197,42.225685300030605,25.413343637838878,25.06650136672083,25.48697440910774,33.13437777974359,77.22876787754855,100.63667913522511,39.04935223749291,162.49788655328882,93.70986397387374,139.83026678439487,270.28031320871867,52.889707662342715,44.3438498769719,68.05257779877829,54.76467004668096,61.64496289838048,33.97247120188642,16.833707503360866,66.9492379297163,66.14566477261359,44.1359180044835,37.22996922964304,130.92312204173749,32.006428469315345,69.52351655807391,52.605166269051395,33.63171751929296,483.6567451714943,109.26616322556812,40.865868153016,54.531349600995554,48.661444206144154,49.873965888373284
109.0,27.427842675016432,69.95662672390124,34.793121554945486,48.474835156060934,36.96435769566776,24.630609920240744,16.557240262315947,39.98604807707406,49.58081267366282,33.75493797016717,184.84746968962648,21.730097993410496,21.86629167590428,13.614101062241474,40.54323448812863,28.092842395581783,17.87285404025166,13.278818968417767,24.023194526803927,26.037980072425434,18.237826024072568,14.357668998563478,14.95661143428824,11.902994094643345,13.438301593883393,17.06231220131978,0.0,25.195639858943295,20.907574059166183,50.0277803693507,16.673490251238295,13.001135078646305,15.597247336946404,18.01238100919348,34.441774850047636,27.2246321583801,22.78803548097331,18.23209858489211,42.17904698164885,17.10539524145942,20.281761115475486,43.314997844871456,34.60610245212074,19.173952617704114,17.83063723074664,17.841869749227712,25.66442916073512,72.79123497100274,93.04135088867855,30.875893958301152,155.69471620613672,83.18516637616581,128.86322603832355,262.9590110106783,40.196084229447955,32.99554378662071,58.07262740438287,48.611538600200284,51.78476074692542,25.498263450322757,16.299691369630313,57.879675476209805,57.37356560173913,41.20411881705272,28.27645779759158,118.01987056746518,24.961330710121498,59.63585559069479,41.3807843316928,24.92552723882423,476.4878692041164,98.02866136000766,31.749834445278218,45.73565121031009,42.75243228549203,40.78095865155846
113.0,44.683970378000204,80.2370728621517,51.30865966344897,66.51744226673355,54.08306502094534,42.31101981348788,34.504735946473794,59.10178322935004,66.40322225001461,50.64833835993949,204.28288566887085,38.332531401913144,36.68139172092304,26.10938384147172,54.05939189260768,29.8701026855939,23.36139956143153,28.66372549522502,42.34657092482581,27.703412569664057,25.504838547681032,19.398487258000138,15.346301571814548,20.724382622322562,15.849734262415666,15.782510489364924,25.195639858943295,0.0,12.860808207276545,64.49878346538596,15.32800554692291,25.1369774719285,19.678729914978156,31.01375976263869,49.49055151196052,40.98016010911261,36.666847436203426,34.00305153557308,51.596254251862966,11.913907281008044,34.15834618115052,64.12306615262855,51.279654729025175,36.01596822587749,33.29128430033547,31.59682528207845,39.68054923633698,85.83013148329074,105.05362177472186,44.775254420814136,168.65856384927355,101.76013563914756,148.30184510409413,273.3130181776656,60.01048079707042,53.21977355760896,75.59057151301829,61.699218852518406,70.13649720993062,42.46157352978282,25.075435102092623,70.86192521932345,73.15567931249745,51.458899603341045,42.51738342732874,136.1929032034309,38.87325297056117,76.52510129910046,55.97825731754657,42.08417683388131,489.53286459160637,116.33568583526764,48.47770683288532,63.219910934038325,56.7505715638517,58.035650279512495
