A,23,32,35,36,37,50,53,55,57,59,63,67,69,74,77,81,82,83,84,85,93,98,99,104,106,107,109,113,114,115,117,165,166,198,199,233,234,240,241,249,251,252,254,256,261,262,263,302,306,317,325,334,335,336,337,342,345,346,351,353,354,365,380,383,404,406,411,416,419,420,421,424,425,426,428,435
23,0.999999999999997,0.9961393545345089,0.99396648061154,0.9981208889184999,0.9946527735165133,0.990163842129431,0.9934857853184771,0.9940951302908725,0.9889647495777195,0.9927476689924353,0.9953347991345926,0.9962847599246519,0.995230459996743,0.9968483549910618,0.9952355858709439,0.9960748659107763,0.9976078783693726,0.9954769035230063,0.9948698303400549,0.9979393564754006,0.9966227731396021,0.9968440463821784,0.9957025404065772,0.9950928493973221,0.9919741588690016,0.9917712973423596,0.9930382613210731,0.9926170202963441,0.9946342328158266,0.9941760936496371,0.9971556419680645,0.9944198492789328,0.99354160572743,0.9973138961006667,0.9981076384030283,0.9951785797683997,0.9962299767487072,0.9987222735549655,0.9973907333092284,0.9956303177423806,0.9980335198001731,0.9980020020751428,0.9983462016775919,0.9987172030537566,0.9985594932608517,0.9965114175342782,0.99731834162035,0.9953365994860348,0.994496745482988,0.9937541323832939,0.992945808486587,0.9933113595450993,0.9941196338557956,0.9948429975719305,0.9975662668947264,0.9930850841283458,0.9940639068437218,0.9963359654307538,0.9929216019942813,0.9909811591267754,0.995767261809247,0.9959627353714888,0.9864821946482394,0.9888774281112995,0.9893776481851138,0.9858337446748262,0.9895632613200765,0.9881846593249928,0.9846876857686386,0.9915243065629945,0.9894421313015008,0.9951401254294613,0.9982463461629789,0.997822368517592,0.9946173257149535,0.9969912567617522
32,0.9961393545345089,0.9999999999999973,0.9908679835839971,0.992920561940265,0.997945091443986,0.9945863529013157,0.9889001026105668,0.9935125761982215,0.9943000511783159,0.9880891913616923,0.9932029577749535,0.9967509531814804,0.9935997742123783,0.9953225504792524,0.9978006185050815,0.9952358386194773,0.9952422604100475,0.9977554105481299,0.9950678733998604,0.9941092336695427,0.9977380685374031,0.9944410823023979,0.9972287705793412,0.9953123162058551,0.994736010343676,0.991927443518944,0.9918323110217936,0.9924598452102185,0.991946703997912,0.9930857606411764,0.9937267912734632,0.9983075341675398,0.9943882194509672,0.9935021508077599,0.9967940978966346,0.9978400793419093,0.994845717462416,0.9951951509768855,0.9982692759033956,0.996643191784212,0.9955387088921587,0.9981003431102646,0.9970865638604286,0.9961880676972295,0.9963320978400808,0.9928376873946372,0.9953169289666423,0.9955907888037439,0.994899507639389,0.9944115021028143,0.9919425907004826,0.9929725522392838,0.9924356074250521,0.9920823649726711,0.9973482070314483,0.9975926224034851,0.9924815967612426,0.9887708220277078,0.996522194712802,0.9927040305259798,0.9879326902096397,0.9952818522434173,0.9848095157280996,0.9848780941662766,0.9897983702856501,0.9892630750227205,0.9878471872182585,0.9898470666703483,0.9864417613776875,0.9845651050242252,0.9915269847170158,0.9953652426534443,0.9936595323811509,0.9974350090899715,0.9974946945780085,0.9942146127560327
35,0.99396648061154,0.9908679835839971,0.9999999999999971,0.9904888038843238,0.9898537187916125,0.990331432508548,0.9932586315410736,0.9845248496993164,0.9899237984220484,0.9926597408335218,0.9859075908222747,0.9926951119051953,0.9963610619087007,0.9893120413974945,0.9954412222903584,0.993773022967268,0.9947495623949714,0.991264018596183,0.995052643201441,0.9935951985053725,0.9907064587470582,0.9977081652638874,0.9887445421638789,0.9944521446274237,0.9863790887286484,0.9910080811107875,0.9897346342153626,0.9896677628944346,0.9902956127777761,0.9913334839145787,0.9920185539347387,0.9908950407958166,0.9943134877239107,0.9974717946590186,0.9918618930076686,0.9940297435806923,0.9949209104157594,0.9932365424497842,0.9930115531393646,0.9962911050492835,0.9950647160398343,0.9929206615747969,0.9972098062077887,0.9964303649825771,0.9958995597017615,0.996600502090387,0.9913998447021346,0.9943894380640697,0.9929152122161206,0.9909980204580018,0.9939254292070938,0.9882922719082754,0.9917268451108223,0.9921487298882461,0.988618507721611,0.9908154483234505,0.9956872525080024,0.9926701684660623,0.985334809543051,0.9941066803731935,0.9929515005964973,0.9855734791476771,0.9942717614166314,0.9852591969258079,0.9831980441481173,0.9860418479873873,0.9871884396803381,0.983263530295326,0.9890264274453022,0.985353286077695,0.9795000179390951,0.9951668870388255,0.9946700040854962,0.9923111686977438,0.9954917337452297,0.9954818842815497
36,0.9981208889184999,0.992920561940265,0.9904888038843238,0.9999999999999976,0.9901256852878573,0.9881466517689179,0.9907446725669483,0.9923157802255954,0.9853651620921624,0.9909744856494864,0.9921432393903944,0.9903111701110139,0.9935126004853043,0.9953284848625001,0.9895425937592306,0.9955384677301236,0.9937688151152375,0.9937711805188415,0.9916885480315923,0.9950618635483826,0.9935601181246705,0.9926929484139221,0.9955492266243317,0.9887950660509593,0.9905216009643241,0.9865970598848839,0.9906112337196604,0.9897893165122102,0.9900999487567439,0.9903616211834366,0.9936477421399984,0.991099040665887,0.990208966761225,0.9950798520748187,0.9973786241773261,0.9916136363166275,0.9939889685656766,0.9953047774613184,0.9943313370405455,0.9937923049984378,0.9960723324210223,0.9945617991538648,0.9949718368281699,0.9975801245593964,0.9964567011961096,0.9946290697891459,0.9972897884969898,0.9917970823901553,0.9946317026373925,0.9924109533721165,0.9910604490755759,0.9943854686524727,0.9899153440954449,0.9934535945776988,0.9957093379518701,0.9874013131070005,0.9920027109688387,0.9946984631862624,0.9918385824836792,0.9865445956399918,0.9937902212550751,0.9936704273154546,0.9826762473212656,0.9942074866776442,0.9848574769813314,0.9830250823421112,0.989922241660132,0.9857807464218893,0.9835470804774284,0.9916169318081608,0.9842889714809304,0.9898741739523576,0.996863579338141,0.9946825114970352,0.9921209023694056,0.9953402074744465
37,0.9946527735165133,0.997945091443986,0.9898537187916125,0.9901256852878573,0.9999999999999976,0.9896346862743053,0.9877952432518582,0.9906342785537623,0.9930050473394088,0.9854861897084826,0.9913073064764764,0.9949675046438761,0.9892715648705463,0.9934106654355936,0.996273720165278,0.9898137405579059,0.9953016631261614,0.9937225827754166,0.9939343761037438,0.9914913902726998,0.9951693400266125,0.9932711430840278,0.9923295481426659,0.9955803460362058,0.9872842939414179,0.9908144562271002,0.9867343617775912,0.9905338310295997,0.9897997223485921,0.989456969650564,0.9912312817819833,0.9942404662984212,0.9910538798302283,0.9907784879826389,0.99498929231008,0.997370615988741,0.9916428367118583,0.9937665277608569,0.9957038025145639,0.9944328133468194,0.9939140168755295,0.9961720832765086,0.9950570570287925,0.9940742946461127,0.9964134803940321,0.9927753479549799,0.9944264234335305,0.9966574756642195,0.9918726920257626,0.9946247912719735,0.9916030438433094,0.9914892061026624,0.9947387747064138,0.9896071325733657,0.9965774824844282,0.9954676039575359,0.9877398213980226,0.9886889501373466,0.9947353644902031,0.9924238205289699,0.9848571538649602,0.9940216867718186,0.9860339744513962,0.9819557178873802,0.9948778732066905,0.9849563259558491,0.9859629855978955,0.9897839139020974,0.9850945111723761,0.9847059187100852,0.9914317368432678,0.9921534618339664,0.9898852450513208,0.9966390947780988,0.9946683849412894,0.9920744933208785
50,0.990163842129431,0.9945863529013157,0.990331432508548,0.9881466517689179,0.9896346862743053,0.9999999999999973,0.987305568516282,0.9877843407053435,0.9899999449610601,0.9908554965355492,0.9860484477968325,0.990765715221675,0.9904562505299879,0.9894087404486405,0.9944890653691882,0.995704825100706,0.9884112054306102,0.9955202573568829,0.9925040120800273,0.9925309789481952,0.9907603425275061,0.9907915189035985,0.9943040160349025,0.9913335530475984,0.9962242679058947,0.9866164181922374,0.9907525488783391,0.9855247555876344,0.9889819868847323,0.987321443073204,0.9873314390859889,0.9929530344476074,0.994049126528861,0.9906748739066484,0.9897720017544971,0.9943272627880088,0.9964843287521425,0.9896480547083708,0.9921776326680245,0.9938679283879266,0.9941065860408896,0.9938788465315838,0.9935115333614648,0.9915319701125602,0.9904445664092218,0.9887012432005017,0.9904025190177317,0.9914778926158703,0.9954904914114826,0.9915127737012184,0.9917503586810847,0.9909141972660109,0.9890844324925836,0.990674925873932,0.9908458127856961,0.9965410258036151,0.9936196244842581,0.9805476603033197,0.98892671832052,0.9933865211581412,0.9880167455094184,0.983424907985529,0.9792891804184102,0.9836142062806836,0.9831681427101522,0.994305890473665,0.9854643476098242,0.9865562708289037,0.9868602439641747,0.9832942536627933,0.9846712292520332,0.9945422241326461,0.9889027998397264,0.9884369468130386,0.9959264714749403,0.993820034080212
53,0.9934857853184771,0.9889001026105668,0.9932586315410736,0.9907446725669483,0.9877952432518582,0.987305568516282,0.9999999999999976,0.9864093174161668,0.9875799508908633,0.9901437334217917,0.9911008869624738,0.9881638307012007,0.9906012225987175,0.989621561992734,0.9909203034568714,0.9939067796841925,0.9961747501441025,0.987741493262726,0.9953477470287604,0.9926049372733046,0.9920846506106334,0.9911450221571736,0.989338732771039,0.9940492697759096,0.9879717004926318,0.9957514590924776,0.9867111092350047,0.9906538230848323,0.9854482573357974,0.9890943252298023,0.988079427211507,0.9875560515141386,0.9922488111782912,0.9964310927413896,0.990794962694026,0.9895294580502474,0.9940264489141059,0.9964713352524972,0.9897687820969306,0.9922094902820937,0.9941832658537475,0.9940226715196628,0.9944792669775291,0.9933996846888994,0.9914165789938731,0.9889122861692634,0.9887342351354151,0.9903698508673388,0.9912715485856302,0.994815399409436,0.9915621164728956,0.9913745998728911,0.9913116455981246,0.9893799803179041,0.9919373423784797,0.989060056921578,0.9967280699613332,0.9922554905262682,0.9801235635384835,0.9890774886763523,0.9931253064212145,0.9879784137978613,0.9788159435607064,0.9797667107728323,0.9842727970804093,0.9825900748083591,0.9960030061573286,0.9845186209895599,0.9865251272232589,0.9877878516859585,0.9820774254070105,0.9913651687727077,0.9949141580584451,0.9890323316206584,0.9885076964673831,0.9959428875134417
55,0.9940951302908725,0.9935125761982215,0.9845248496993164,0.9923157802255954,0.9906342785537623,0.9877843407053435,0.9864093174161668,0.9999999999999977,0.9870098978940289,0.9872087717147899,0.9904003675487643,0.9934572157567075,0.9862051314038707,0.9906147338888376,0.9902696429656895,0.9911743414568981,0.9931425957030366,0.9962163617807356,0.9876507667033927,0.9947342613226409,0.9926056215754654,0.9908281323944821,0.9911813423245907,0.9891565665590524,0.9932652360264549,0.9881989217410632,0.9957334172706844,0.9863279159371072,0.9903093754791048,0.984173043428091,0.9893898974313127,0.9888085871994501,0.9875434079824779,0.992006799232146,0.9959946133678834,0.9906175867937985,0.9893770687267424,0.9933268926775827,0.9965026726743605,0.9894543522279117,0.992066686410005,0.994176765393423,0.9938581662839776,0.9928058399226389,0.9914157432831409,0.9863971351379148,0.9881714059657316,0.9874464885640638,0.9901993762397411,0.9912665874403751,0.9932914658044868,0.9919158654609207,0.9911452873051334,0.9901067329878166,0.9925911748503506,0.9920467059899981,0.9889714418183493,0.9920468893867367,0.9923238013813667,0.9803917948006985,0.98640640499783,0.9930348100116568,0.9783549803282758,0.9773582841254472,0.9803680625155013,0.9843324436146001,0.9853865119145497,0.9960821046681124,0.983163439850774,0.9871618074866146,0.9877971982951265,0.9893669603483664,0.9906262844364537,0.9942550271780854,0.9887493758742814,0.9881832605263227
57,0.9889647495777195,0.9943000511783159,0.9899237984220484,0.9853651620921624,0.9930050473394088,0.9899999449610601,0.9875799508908633,0.9870098978940289,0.9999999999999977,0.9866461651152842,0.9891841480798677,0.9909333457113214,0.991835557946041,0.9870068399798099,0.9938908289280748,0.9903447298464886,0.9922267866050043,0.9941573189830248,0.9962890463949094,0.9882466580530644,0.9949882448915842,0.9909438245643514,0.992007974749403,0.9914964931129118,0.9890032719327844,0.9933457520327553,0.9896410133018061,0.99613912954653,0.9863581297284258,0.9904070557348912,0.983742588562953,0.9921241117421127,0.9894132252268186,0.9908521412746282,0.9928705150389299,0.9966749663125991,0.9909888389680415,0.9893286551143624,0.9931533556897845,0.9963203504519353,0.9909324968627604,0.9933797358827203,0.993489556633353,0.9930325999504922,0.992154028557177,0.9881057536848235,0.9860454083783097,0.9876789977746745,0.987621312735714,0.990649213563068,0.991126468339454,0.9933215312682825,0.9913607030650343,0.9896896746778574,0.990944873415277,0.9922899126524936,0.9917764563814057,0.9858804498289084,0.993269801826142,0.9922053486189164,0.9794648184693748,0.9863430279014563,0.9838583228474346,0.9790016374958206,0.9800148613746806,0.9806050941421041,0.985116157297786,0.986502300741901,0.9956549045890097,0.9828876702011101,0.9874378675222524,0.9915261088655236,0.9883787554128152,0.991234936177652,0.9952614555606635,0.989591070150881
59,0.9927476689924353,0.9880891913616923,0.9926597408335218,0.9909744856494864,0.9854861897084826,0.9908554965355492,0.9901437334217917,0.9872087717147899,0.9866461651152842,0.999999999999998,0.9878170715785615,0.990340618294359,0.9905064321752939,0.9916204176663646,0.9897195212374528,0.993389290620281,0.9914904168011919,0.9922372798779063,0.9940723487295677,0.9968687451837257,0.9880264202582754,0.9947289623999079,0.9904567305306059,0.9920237754835972,0.9890775929524973,0.9886006221319419,0.9942050006644108,0.9898843333536953,0.996181910266714,0.986870901630249,0.9906296910408376,0.9851545174362584,0.9919074474430765,0.9930908211378797,0.9915299841371221,0.993090645034372,0.9966779275869866,0.9911453656851532,0.9892928167506168,0.9931529569788109,0.9974093635006928,0.9915708738352403,0.9934834956804002,0.993445178651531,0.9931781087933924,0.9906973867839561,0.9881428665641033,0.9861254351336552,0.9876501583847158,0.9873429172549797,0.9910562447484128,0.990726004576425,0.9933653941041782,0.9911324845973144,0.9900893547955913,0.9893679584195648,0.9922860701107654,0.9904469065271986,0.986177316111439,0.9932112471543486,0.992296434108615,0.9794068122994328,0.9807818605239247,0.985021077014805,0.9807578365546694,0.9796692377158385,0.981399896784063,0.9849669551555105,0.9866475607479973,0.9959901952330437,0.9820907908984158,0.9922885026480277,0.9914646703290799,0.9889906524634342,0.991906207735257,0.9958235775754452
63,0.9953347991345926,0.9932029577749535,0.9859075908222747,0.9921432393903944,0.9913073064764764,0.9860484477968325,0.9911008869624738,0.9904003675487643,0.9891841480798677,0.9878170715785615,0.9999999999999977,0.9929380415638136,0.9903062794581914,0.9906381306332106,0.9916995057594411,0.9909626125015608,0.9929642498350468,0.991569778643351,0.9932426393172646,0.9940563162852547,0.9976976610741403,0.9892894160085819,0.9942275799746763,0.9910753291887147,0.9905748161726,0.9903398681889879,0.988626016272002,0.9945579478660859,0.9906306280718479,0.995692377980287,0.9893363274892452,0.9905981677062144,0.9854981058842816,0.9911973333701303,0.9930916336996195,0.9918446444297611,0.993678032438462,0.9970619549823754,0.9926893689127523,0.9903232561987003,0.9930992201791391,0.9974784464245591,0.99356585993971,0.9931887065376241,0.992571472652716,0.9897788805358535,0.9913076659150795,0.9881002643515842,0.986901809893739,0.9881611994082515,0.986739303997415,0.9925869291780816,0.992406135378771,0.9944812060940666,0.996713842195968,0.9908188348337263,0.9908651880199272,0.9893332340155299,0.9905063155316594,0.9879996345472608,0.9915661451405774,0.9934963866355306,0.9733442507588786,0.979746163455351,0.9850773017622163,0.9815720341258545,0.9848850973312456,0.9812744981799668,0.9847557307035781,0.9895299906852523,0.9963743892315797,0.9935526763912499,0.9936587543374014,0.9913947130161049,0.9890419451577223,0.9920080204585768
67,0.9962847599246519,0.9967509531814804,0.9926951119051953,0.9903111701110139,0.9949675046438761,0.990765715221675,0.9881638307012007,0.9934572157567075,0.9909333457113214,0.990340618294359,0.9929380415638136,0.9999999999999978,0.9935656731776009,0.993072160893631,0.9982522818350956,0.9927401457321666,0.9956002058653379,0.9961635279430243,0.9931663466736602,0.9966752430868804,0.9958312641324525,0.9974534711029301,0.9925988044763154,0.9964259904377429,0.9922212761812177,0.9916867345453374,0.994706819256894,0.9912822041132643,0.9964381431612908,0.9939196040011801,0.9960166102312763,0.9953725652542166,0.9930269580474633,0.9945416626972292,0.9949232388484921,0.9960116408593052,0.9940954710745876,0.9958712253506088,0.9980957664161327,0.9941254578087875,0.9949798154231693,0.9971392343894956,0.9978567894922412,0.9954228768026936,0.9958042375166202,0.9933585778599385,0.9914104498983698,0.993358874701427,0.9899885346174485,0.9889957543865509,0.9912244123140722,0.9876067612246262,0.9932526921440846,0.9924839426279837,0.9937368564277592,0.9968472499578502,0.99181692429379,0.9916039089572981,0.9929657632249792,0.9913297256414324,0.990866527769616,0.9929222116536339,0.9876213033268164,0.97799005212444,0.9859150158295664,0.9866843689540639,0.9813471737203676,0.9881436817651509,0.9835304329998897,0.9849896236284044,0.9911108830918016,0.997643817578546,0.9939864757395085,0.9971814917077373,0.9951956796981418,0.9925517912563646
69,0.995230459996743,0.9935997742123783,0.9963610619087007,0.9935126004853043,0.9892715648705463,0.9904562505299879,0.9906012225987175,0.9862051314038707,0.991835557946041,0.9905064321752939,0.9903062794581914,0.9935656731776009,0.9999999999999976,0.9917395398254698,0.9950260531937535,0.9963649385077415,0.9935543073311891,0.9940512407892237,0.9951722603072023,0.9931704371988794,0.9952553604480142,0.9960585154140447,0.9947849077066528,0.9916434517929832,0.9911401939671376,0.9905426425820276,0.9914790044968893,0.9941702739284415,0.9906295306093058,0.996853096821953,0.9938506085851662,0.9958074923551816,0.9936971284289304,0.9969896195257393,0.9945161132945518,0.9940884425750126,0.9949750187271712,0.9937931044718897,0.9951401567052456,0.9975062496563297,0.994353256656363,0.994449034703327,0.9971137473010765,0.9979420848048531,0.9958108754683548,0.9956832696604093,0.9930665577881055,0.9914190782445885,0.9924178866753299,0.988323609865186,0.9894133234996401,0.9895707840399952,0.9873813114752614,0.9933720472074822,0.9912193118725725,0.990064309510606,0.9962766475757807,0.9917118084563378,0.9904686159631009,0.9921058730153512,0.9919746906762112,0.9900378737844493,0.990014231973319,0.9889271048822972,0.9785167653756589,0.984266449513896,0.986337251225141,0.9794384995665582,0.9882407197343867,0.9834896297037712,0.9824460575769611,0.9955819775686524,0.9976441109034395,0.9940745245634053,0.9970064115466309,0.9949238237278235
74,0.9968483549910618,0.9953225504792524,0.9893120413974945,0.9953284848625001,0.9934106654355936,0.9894087404486405,0.989621561992734,0.9906147338888376,0.9870068399798099,0.9916204176663646,0.9906381306332106,0.993072160893631,0.9917395398254698,0.9999999999999976,0.9921614953906185,0.9954201000859255,0.9955050241560928,0.9935605917773401,0.9940725789862372,0.9945407971336747,0.9932567142693243,0.9942571280228243,0.9960033475722072,0.9946627114514841,0.9908101877156569,0.9915061468580433,0.9904447887288507,0.9911225104647372,0.9939169854041443,0.9893211383532752,0.9974277979666665,0.9944014238594088,0.9958143149949089,0.9931455591032252,0.9965152088439707,0.9943450198601607,0.9939895788483277,0.9943415961448694,0.9940006418214069,0.9949563310911469,0.9972694906458917,0.9942822446718309,0.9945353435640321,0.9955018677599994,0.9959469721763561,0.9907551083887907,0.9950432084030973,0.9918329737751135,0.9913343214928851,0.9924586949151851,0.9868084305599842,0.9899279335115508,0.9895559124302833,0.9864198707592965,0.9970463783736738,0.9914605214987985,0.9901539167598941,0.9916289432043235,0.9917250707035294,0.9909388381193571,0.9893835239658634,0.9920232336179452,0.9806160061658145,0.9884071573729654,0.9893594976857464,0.9786617314739656,0.9874806900437416,0.9863559394867523,0.9781414946878888,0.989171934318269,0.9835504168267553,0.9904153715333877,0.995060003090225,0.9969573975652775,0.9937455221259752,0.99664982320182
77,0.9952355858709439,0.9978006185050815,0.9954412222903584,0.9895425937592306,0.996273720165278,0.9944890653691882,0.9909203034568714,0.9902696429656895,0.9938908289280748,0.9897195212374528,0.9916995057594411,0.9982522818350956,0.9950260531937535,0.9921614953906185,0.9999999999999976,0.9943901075362254,0.9956647009421209,0.9958273186717863,0.9957060909839344,0.9948764578454339,0.9962507467674976,0.9969741143706298,0.9934704209684277,0.9975409344908874,0.9927057853334985,0.9931034412034172,0.9918582248102481,0.9916812344525381,0.9930355454983715,0.9944862832218706,0.9938418198811628,0.9970247042872674,0.995250077549492,0.9952733923745323,0.9938234874823604,0.9975001506466639,0.9957844513455347,0.9955702102170255,0.9973835670307767,0.9964238122814263,0.9953012672609372,0.9976746204622366,0.9983541126485682,0.9957583460906265,0.99596717721505,0.9944505781737698,0.9927857438405818,0.9963981270784531,0.9936465141319815,0.9924719061121154,0.992995569551452,0.9894490051058786,0.9934458412096687,0.9929065066870921,0.9938738118280035,0.998373605634917,0.994523596105705,0.9891331155925964,0.9919133980986156,0.9950695188359331,0.9906386132152,0.9918683135811415,0.9893178452459939,0.9803818560625068,0.9883147836270743,0.9910068714019448,0.9859440827942297,0.9873708210198389,0.9874542971487068,0.9830117333350036,0.9899972251548652,0.9985732293316152,0.9938236533191103,0.9958121187409836,0.997595377590085,0.9945010943955492
81,0.9960748659107763,0.9952358386194773,0.993773022967268,0.9955384677301236,0.9898137405579059,0.995704825100706,0.9939067796841925,0.9911743414568981,0.9903447298464886,0.993389290620281,0.9909626125015608,0.9927401457321666,0.9963649385077415,0.9954201000859255,0.9943901075362254,0.9999999999999977,0.9946804688906996,0.9962011068510146,0.9957073006560384,0.995752592771548,0.9949045684802509,0.9945964810397068,0.9976164414727935,0.993476930384958,0.9970106247659871,0.9927008881394643,0.993907472228825,0.991851404484246,0.9914482729491028,0.992518602055706,0.9941755955003291,0.9957507004491695,0.9972794741881892,0.9972208867775973,0.9955525665438603,0.9940653406753682,0.9975539805201992,0.9953758646154974,0.9953347887952384,0.9970205980931133,0.9972122669882232,0.9960202329646188,0.9970380794193838,0.9970960671049638,0.9945095854679582,0.991908028546779,0.9938265333604022,0.9918815093147275,0.996318237512363,0.9938004055066059,0.9917235471086455,0.9930018232238035,0.9888822911003377,0.9919486495562517,0.9944428860354295,0.993570982461647,0.9980314430064032,0.9907452606666608,0.9898086669040496,0.9917995073256998,0.9933801707210667,0.990433140952143,0.9824230257310848,0.9891012233899503,0.9821946832529326,0.9883558615689929,0.992381036948444,0.9865566976865865,0.9864957493187022,0.9873681248771975,0.9830538315775306,0.994889462779181,0.9975294124471563,0.9938601594926784,0.996232955462888,0.9979014968017845
82,0.9976078783693726,0.9952422604100475,0.9947495623949714,0.9937688151152375,0.9953016631261614,0.9884112054306102,0.9961747501441025,0.9931425957030366,0.9922267866050043,0.9914904168011919,0.9929642498350468,0.9956002058653379,0.9935543073311891,0.9955050241560928,0.9956647009421209,0.9946804688906996,0.9999999999999976,0.9938609812015988,0.996763351831894,0.9957706471374295,0.9958742200322861,0.996934011858585,0.9926596669933863,0.9977932857013692,0.9898494789363546,0.9974174996306757,0.9923920329047897,0.9940554706586003,0.9923888421582006,0.9915157508684702,0.9949537431954687,0.9933727595419339,0.9952231516839041,0.9979179197210597,0.997191119713819,0.9954188978755378,0.994153733903951,0.998008940560364,0.9966053175816381,0.9962232643899145,0.9968640471771524,0.9968141450874829,0.9981747992364973,0.9974116674616129,0.9970929938772586,0.9930904491795967,0.9926583682611372,0.994250340795641,0.9922475488426794,0.9959780711971562,0.9938537323565642,0.9923699945737439,0.9947352853178493,0.9906307503943661,0.9958301422522793,0.9934837130205195,0.994880999719588,0.9969038669797469,0.9900555714881989,0.9911771391135356,0.9914068823020505,0.9942264564001151,0.9872752586993377,0.982304904048255,0.9887747866244784,0.9821899560058411,0.9925120176038983,0.9911366991084835,0.986857432840319,0.9892031009264808,0.9865080421124535,0.9937630509747868,0.9966449337648162,0.9975897526065789,0.993746167715374,0.996161901673306
83,0.9954769035230063,0.9977554105481299,0.991264018596183,0.9937711805188415,0.9937225827754166,0.9955202573568829,0.987741493262726,0.9962163617807356,0.9941573189830248,0.9922372798779063,0.991569778643351,0.9961635279430243,0.9940512407892237,0.9935605917773401,0.9958273186717863,0.9962011068510146,0.9938609812015988,0.9999999999999976,0.9940384374802121,0.9962078999066378,0.9959718171481957,0.9952509445650867,0.996784361899073,0.9926487209849093,0.9968357618169641,0.9903615856531016,0.9973117035766145,0.9921351057652981,0.9939577671071486,0.9911851059489677,0.9924072218259254,0.9953746359608839,0.9934230321587436,0.9945809315719519,0.9974961594024904,0.9970825624130946,0.9954212387591715,0.9936736563610895,0.9984406091853899,0.9966170139329151,0.9959872080561342,0.9967912188633821,0.9972217432377697,0.9967576445668318,0.9955751887456521,0.9922603562665046,0.9926487223526579,0.9916040342414264,0.9942997563568906,0.9923562011782511,0.994564400108024,0.9945427656124683,0.9926353891757864,0.994102443063305,0.9946358090945165,0.996159398871403,0.9938061831348961,0.9904896734697495,0.9969033902737445,0.9907526662962036,0.988604413050512,0.9916401690407195,0.9852414180259161,0.9857284962407535,0.9826341740640706,0.9890286924631355,0.9857549827902307,0.9924873907818574,0.9899715890304188,0.9881176623603323,0.9893100278950998,0.9951777787450407,0.9935535866179237,0.9960362610205402,0.9972970617670646,0.9934445276079042
84,0.9948698303400549,0.9950678733998604,0.995052643201441,0.9916885480315923,0.9939343761037438,0.9925040120800273,0.9953477470287604,0.9876507667033927,0.9962890463949094,0.9940723487295677,0.9932426393172646,0.9931663466736602,0.9951722603072023,0.9940725789862372,0.9957060909839344,0.9957073006560384,0.996763351831894,0.9940384374802121,0.9999999999999973,0.994282640746307,0.9961751499036366,0.9953252429916453,0.9951528020766138,0.9968307388778335,0.9910482621561241,0.9967618892677554,0.9910376079851948,0.9974269354320949,0.9921172729790864,0.9938921442436205,0.9914539299676983,0.9937838205299008,0.9953695128125659,0.9958127557648627,0.994968526842319,0.9976924227329578,0.9971365879155454,0.9953411074842518,0.9937239695888926,0.9983905327451508,0.9973898799684664,0.9965377813539591,0.9968130326978664,0.9966237757070742,0.9961749477755606,0.9927911673601372,0.9920703003101473,0.9922820649548516,0.9916170191375875,0.9942473994942254,0.9921310017897897,0.9945322282324915,0.9945177865472075,0.9920435162337441,0.9955916226032293,0.9938105675125,0.9961789214654996,0.9912560616943688,0.9908583585275519,0.9970302791936599,0.9898777945626402,0.9886081375050031,0.9844006744993593,0.9855278572201654,0.9872537450598553,0.9825471878962901,0.9906058254368213,0.9858599226767619,0.9921370844157925,0.9904337978629363,0.9877542289871581,0.9950300260648679,0.9948792253193228,0.9938064541575136,0.9964835967117962,0.997652095058009
85,0.9979393564754006,0.9941092336695427,0.9935951985053725,0.9950618635483826,0.9914913902726998,0.9925309789481952,0.9926049372733046,0.9947342613226409,0.9882466580530644,0.9968687451837257,0.9940563162852547,0.9966752430868804,0.9931704371988794,0.9945407971336747,0.9948764578454339,0.995752592771548,0.9957706471374295,0.9962078999066378,0.994282640746307,0.9999999999999974,0.9942446884539072,0.9970791539189082,0.9939767828751342,0.9951696698682917,0.9938663750502721,0.991180133742789,0.996697098225358,0.9910536841130814,0.9976455996890663,0.9919921596690574,0.9954168522438738,0.9913450349007824,0.9933506209499362,0.9964742039088583,0.9958094551158341,0.9948430417121314,0.9976580931754182,0.9972666682563742,0.996024583501531,0.9941473386471508,0.9984487541096334,0.9972257572489054,0.9977835698716901,0.9966833234452495,0.9962535557418449,0.9940615653923934,0.99306876936912,0.9920639304269282,0.9924075817897635,0.9912863694619123,0.9940504811945938,0.992433863751002,0.9954994213309195,0.9952760620798622,0.994979420156975,0.9946090016397502,0.9945304960333972,0.9943431877740332,0.990850576916933,0.9916650973743866,0.9962864266841454,0.9902994146061026,0.9837595461588792,0.984274612958914,0.9857643140187599,0.9871215826655289,0.9856359563865826,0.989767283190993,0.9857836148952102,0.9939252120430202,0.9896665191566159,0.9965958180824187,0.9958971326683669,0.9948787260935307,0.9937752047340686,0.996446150334892
93,0.9966227731396021,0.9977380685374031,0.9907064587470582,0.9935601181246705,0.9951693400266125,0.9907603425275061,0.9920846506106334,0.9926056215754654,0.9949882448915842,0.9880264202582754,0.9976976610741403,0.9958312641324525,0.9952553604480142,0.9932567142693243,0.9962507467674976,0.9949045684802509,0.9958742200322861,0.9959718171481957,0.9961751499036366,0.9942446884539072,0.9999999999999976,0.9932753908942227,0.9971440156082108,0.9939589015639544,0.9939878885712012,0.9939107922427404,0.9916720078919422,0.9966502404292612,0.9909161266192665,0.9971398935679201,0.9921993301267304,0.9966913263092625,0.9913882761166386,0.9948701918634714,0.9966035917197062,0.99590861756585,0.9948454857082698,0.9973486927224858,0.997283091603745,0.9958591402057329,0.9946477001788574,0.9988658802865376,0.9971069967003385,0.9967643402169728,0.9955760855578992,0.9925827359834518,0.9936474609132702,0.9923464975788606,0.9920195447934727,0.9924134037243325,0.9905975475215079,0.9941580472705085,0.9922791870869098,0.9945923437855688,0.9973361409756331,0.9945343648147139,0.9945556768378175,0.99115518953244,0.9946790332100386,0.991000823511096,0.9901215352545842,0.9962433508966437,0.9820100028729364,0.983437337174231,0.9855682094334539,0.9857545304622843,0.9890649267451035,0.9858192632444102,0.9890366630040952,0.9862310938821939,0.9937480933785593,0.9958045327046123,0.996062845440716,0.9958480501888367,0.9951063277880272,0.9939220026155042
98,0.9968440463821784,0.9944410823023979,0.9977081652638874,0.9926929484139221,0.9932711430840278,0.9907915189035985,0.9911450221571736,0.9908281323944821,0.9909438245643514,0.9947289623999079,0.9892894160085819,0.9974534711029301,0.9960585154140447,0.9942571280228243,0.9969741143706298,0.9945964810397068,0.996934011858585,0.9952509445650867,0.9953252429916453,0.9970791539189082,0.9932753908942227,0.9999999999999978,0.9917544840751318,0.9967332892154974,0.9896379007707256,0.9925295947037349,0.99483392096766,0.9918219022777117,0.9964242199332435,0.9922426350085685,0.9967853558345641,0.9935321016783057,0.9957180448542383,0.9974730619421192,0.995815169519157,0.9965392822959873,0.9954503353092083,0.9950924021033889,0.9967095588438677,0.9969682231124974,0.9972800418185488,0.9951795777469775,0.9986510034333201,0.9977570791640693,0.9979837020073729,0.9963207653980906,0.99266630531024,0.9942268726143237,0.9918575377729012,0.990942769585176,0.9937234690571712,0.9890670343774863,0.9938799463596275,0.9922843827367136,0.99232593770821,0.9938523818469065,0.9940511641204759,0.995224062962169,0.991025840055711,0.9938191474115947,0.9926513193197698,0.9895334833542817,0.9932515023257233,0.9846014232806253,0.9854815928859817,0.9843389356677124,0.9845304375303991,0.9881285298359191,0.9865610270733343,0.9886202528016657,0.9842259216292756,0.9962860099691453,0.9957388359432163,0.9970760329427384,0.9966642256087572,0.995755221290027
99,0.9957025404065772,0.9972287705793412,0.9887445421638789,0.9955492266243317,0.9923295481426659,0.9943040160349025,0.989338732771039,0.9911813423245907,0.992007974749403,0.9904567305306059,0.9942275799746763,0.9925988044763154,0.9947849077066528,0.9960033475722072,0.9934704209684277,0.9976164414727935,0.9926596669933863,0.996784361899073,0.9951528020766138,0.9939767828751342,0.9971440156082108,0.9917544840751318,0.9999999999999978,0.9914067502336487,0.9964848738139686,0.9901903661374378,0.9918399158474351,0.9940338736774805,0.9912671125401071,0.9940883677642713,0.9927882048825867,0.9967860564864153,0.993484361144412,0.9930634169869443,0.9963052049046499,0.9953029742196244,0.9962290260024017,0.9942841863306826,0.9952384655364559,0.9962678654430664,0.9959683482467125,0.9967243646631179,0.9950741914250348,0.9961389357189582,0.9946112228381003,0.9910782207724558,0.9951954197788876,0.9906607186746985,0.9939496794333047,0.9918869096272203,0.9883697002593888,0.9944977644898353,0.988847401371672,0.992377703647046,0.9972739500978827,0.9932467528225174,0.9938108689667269,0.9877400707756636,0.9949517807394923,0.9915663460557889,0.9896265396236159,0.992579318907817,0.9781722211608896,0.9901916944201565,0.9842701054721532,0.9856964215270082,0.9884838816207449,0.984479296054048,0.9859680143592997,0.9875828681026644,0.9889247919106718,0.993487615748641,0.9953680578930095,0.9942944218975729,0.9961230774056006,0.9957260605613616
104,0.9950928493973221,0.9953123162058551,0.9944521446274237,0.9887950660509593,0.9955803460362058,0.9913335530475984,0.9940492697759096,0.9891565665590524,0.9914964931129118,0.9920237754835972,0.9910753291887147,0.9964259904377429,0.9916434517929832,0.9946627114514841,0.9975409344908874,0.993476930384958,0.9977932857013692,0.9926487209849093,0.9968307388778335,0.9951696698682917,0.9939589015639544,0.9967332892154974,0.9914067502336487,0.9999999999999978,0.9896815186183244,0.9965319863609086,0.9905581687624716,0.9918348966240875,0.9940102011462186,0.9909395029469437,0.994663525787645,0.9936958044680332,0.9966886836323217,0.9950310633226456,0.9931963669865269,0.9963568171264697,0.9953017572425513,0.9960755999578205,0.9944854790672423,0.9952510320516114,0.9966913822493375,0.9962456290746675,0.9969987183834278,0.9943686094249519,0.9953180664635963,0.9915188967061972,0.9908888163823917,0.9947228765634046,0.9906699654829809,0.993851527028535,0.9914064874610691,0.9885040598351531,0.9946677601142323,0.9884492996904171,0.9945727597107259,0.996614512179786,0.9934139631476943,0.9909946054509855,0.9878747741900082,0.9952774486729188,0.9903513419965431,0.9897160464334422,0.9853635193844926,0.9780037350892363,0.991244456211213,0.9842122708811842,0.9878896465278864,0.9883748473677331,0.9839932513858366,0.9867744734884185,0.9872143935937585,0.9957267482331176,0.9933740951441488,0.9953800911191879,0.9944850676189125,0.9962520615511955
106,0.9919741588690016,0.994736010343676,0.9863790887286484,0.9905216009643241,0.9872842939414179,0.9962242679058947,0.9879717004926318,0.9932652360264549,0.9890032719327844,0.9890775929524973,0.9905748161726,0.9922212761812177,0.9911401939671376,0.9908101877156569,0.9927057853334985,0.9970106247659871,0.9898494789363546,0.9968357618169641,0.9910482621561241,0.9938663750502721,0.9939878885712012,0.9896379007707256,0.9964848738139686,0.9896815186183244,0.9999999999999979,0.9890060163426133,0.9946986321948542,0.9882767804787821,0.9896439581029371,0.9897185647344983,0.9893025333649121,0.9941234651990947,0.9926985357564848,0.9921203702347183,0.9923935465553799,0.9914353762589587,0.9947129205576613,0.9923318621409323,0.9944604250106518,0.9922588694318382,0.9929640115720428,0.9950603019234827,0.9938340675185806,0.9922148287587671,0.9889680470531769,0.9853091789804471,0.988457374760473,0.9868012593100753,0.9929787921688048,0.9896779381862271,0.9891920990679439,0.9908980240153142,0.9861715761127193,0.9905056069316702,0.9921054357195211,0.9949149677351674,0.9947023832457009,0.9840426748072971,0.9898638657941372,0.9867396087050609,0.9885976431873628,0.9886500684695078,0.9738819438958028,0.9803503622612542,0.9768534356286825,0.9903253434327188,0.9867043960350061,0.9872760562310848,0.9841421135950481,0.9828942983057015,0.9863554761603546,0.99391666419911,0.992391776289838,0.9903098117784713,0.993073507340166,0.9921621709381689
107,0.9917712973423596,0.991927443518944,0.9910080811107875,0.9865970598848839,0.9908144562271002,0.9866164181922374,0.9957514590924776,0.9881989217410632,0.9933457520327553,0.9886006221319419,0.9903398681889879,0.9916867345453374,0.9905426425820276,0.9915061468580433,0.9931034412034172,0.9927008881394643,0.9974174996306757,0.9903615856531016,0.9967618892677554,0.991180133742789,0.9939107922427404,0.9925295947037349,0.9901903661374378,0.9965319863609086,0.9890060163426133,0.9999999999999978,0.9898387194613365,0.9947540339122636,0.9881132259973637,0.9892653395936756,0.9895153165581121,0.9911717611701718,0.994367322006263,0.9948453591699564,0.9924701586567123,0.9926684717955152,0.9915224199879327,0.9944004709676096,0.9921639915499056,0.9941789996314634,0.9930994520147747,0.9937035725315984,0.9945510013748634,0.9927451255148696,0.9911464253126961,0.985251746763864,0.9848021215522202,0.987695998052236,0.9867681953766908,0.9931281452803098,0.9890809371063984,0.9892041061228375,0.9904385821699029,0.9848686734934069,0.991986818956452,0.9917219912444303,0.9946551881235546,0.9911990168112021,0.9847059509276219,0.9898036007867265,0.9852828479637784,0.9884512092198067,0.9796881323150095,0.9738311049016547,0.9821811924271983,0.9768956824645985,0.9917042340092892,0.9872742957141334,0.9865389609272008,0.9841503561770295,0.9828920598101367,0.9912883358439636,0.9930275751018189,0.9925189104296382,0.9907833383104545,0.9934356996919647
109,0.9930382613210731,0.9918323110217936,0.9897346342153626,0.9906112337196604,0.9867343617775912,0.9907525488783391,0.9867111092350047,0.9957334172706844,0.9896410133018061,0.9942050006644108,0.988626016272002,0.994706819256894,0.9914790044968893,0.9904447887288507,0.9918582248102481,0.993907472228825,0.9923920329047897,0.9973117035766145,0.9910376079851948,0.996697098225358,0.9916720078919422,0.99483392096766,0.9918399158474351,0.9905581687624716,0.9946986321948542,0.9898387194613365,0.999999999999998,0.9900233837413507,0.9952471875252733,0.9876636971550061,0.9912492244167946,0.9895407502395683,0.9912600117115362,0.9942389459498535,0.9948074890028875,0.9926126599231618,0.9930051555234503,0.9917282408667941,0.9955537805379993,0.9928921975933018,0.9941543867311533,0.993097636460009,0.9952745824801512,0.9941748507274133,0.9919180651151558,0.9879873585679242,0.9856320275637575,0.9846546337707223,0.9881943194923666,0.986986234595149,0.9925556941450896,0.9901351714023017,0.9904861357970565,0.991221209596659,0.9893835581113251,0.9921598517335453,0.9928434731488215,0.991862170060072,0.9911275112585334,0.9860757820499673,0.9883382707318992,0.9861208035295459,0.9823322544905737,0.9788854547476225,0.9739953556880152,0.9826495646932616,0.981219767055115,0.9913915866921141,0.9869945371352851,0.9888775150495426,0.9841609140920046,0.9931627876785617,0.9923052959187096,0.9929256999122418,0.9925183850601738,0.9908073983917982
