A,23,32,35,36,37,50,53,55,57,59,63,67,69,74,77,81,82,83,84,85,93,98,99,104,106,107,109,113,114,115,117,165,166,198,199,233,234,240,241,249,251,252,254,256,261,262,263,302,306,317,325,334,335,336,337,342,345,346,351,353,354,365,380,383,404,406,411,416,419,420,421,424,425,426,428,435
23,0.9999999999999986,0.9961393545345105,0.9939664806115416,0.9981208889185013,0.9946527735165149,0.9901638421294323,0.9934857853184786,0.9940951302908742,0.9889647495777208,0.9927476689924367,0.9953347991345942,0.9962847599246534,0.9952304599967445,0.9968483549910635,0.9952355858709455,0.9960748659107781,0.997607878369374,0.9954769035230079,0.9948698303400565,0.9979393564754021,0.9966227731396038,0.9968440463821799,0.9957025404065788,0.9950928493973237,0.9919741588690032,0.991771297342361,0.9930382613210746,0.9926170202963456,0.994634232815828,0.9941760936496385,0.9971556419680659,0.9944198492789341,0.9935416057274318,0.9973138961006682,0.9981076384030297,0.9951785797684014,0.9962299767487087,0.998722273554967,0.99739073330923,0.9956303177423822,0.9980335198001745,0.9980020020751441,0.9983462016775936,0.9987172030537582,0.9985594932608532,0.9965114175342796,0.9973183416203517,0.9953365994860364,0.9944967454829896,0.9937541323832957,0.9929458084865886,0.9933113595451007,0.9941196338557972,0.9948429975719322,0.9975662668947279,0.9930850841283474,0.9940639068437234,0.9963359654307553,0.9929216019942829,0.9909811591267771,0.9957672618092487,0.9959627353714904,0.9864821946482409,0.988877428111301,0.9893776481851153,0.9858337446748277,0.9895632613200782,0.9881846593249942,0.9846876857686404,0.9915243065629961,0.9894421313015023,0.995140125429463,0.9982463461629806,0.9978223685175934,0.994617325714955,0.9969912567617536
32,0.9961393545345105,0.999999999999999,0.9908679835839986,0.9929205619402666,0.9979450914439877,0.9945863529013172,0.9889001026105684,0.993512576198223,0.9943000511783174,0.9880891913616938,0.993202957774955,0.9967509531814821,0.9935997742123798,0.995322550479254,0.9978006185050832,0.9952358386194787,0.995242260410049,0.9977554105481314,0.9950678733998619,0.9941092336695442,0.9977380685374049,0.9944410823023995,0.9972287705793426,0.9953123162058568,0.9947360103436778,0.9919274435189457,0.9918323110217953,0.9924598452102201,0.9919467039979136,0.9930857606411778,0.9937267912734646,0.9983075341675416,0.9943882194509688,0.9935021508077616,0.9967940978966363,0.9978400793419111,0.9948457174624177,0.9951951509768872,0.9982692759033972,0.9966431917842137,0.9955387088921603,0.9981003431102662,0.9970865638604302,0.9961880676972311,0.9963320978400825,0.9928376873946387,0.9953169289666435,0.9955907888037454,0.9948995076393904,0.9944115021028157,0.991942590700484,0.9929725522392855,0.9924356074250539,0.9920823649726729,0.9973482070314497,0.9975926224034867,0.9924815967612444,0.9887708220277092,0.9965221947128037,0.9927040305259813,0.9879326902096414,0.9952818522434189,0.9848095157281012,0.9848780941662783,0.9897983702856517,0.989263075022722,0.9878471872182601,0.9898470666703499,0.9864417613776891,0.9845651050242268,0.9915269847170175,0.9953652426534461,0.9936595323811523,0.9974350090899732,0.9974946945780102,0.9942146127560343
35,0.9939664806115416,0.9908679835839986,0.999999999999999,0.9904888038843254,0.9898537187916143,0.9903314325085495,0.9932586315410755,0.984524849699318,0.9899237984220499,0.9926597408335236,0.9859075908222764,0.992695111905197,0.9963610619087023,0.9893120413974963,0.9954412222903599,0.9937730229672694,0.994749562394973,0.9912640185961847,0.9950526432014428,0.9935951985053744,0.9907064587470599,0.9977081652638892,0.9887445421638804,0.9944521446274255,0.98637908872865,0.9910080811107891,0.9897346342153643,0.989667762894436,0.9902956127777777,0.9913334839145803,0.9920185539347404,0.9908950407958181,0.9943134877239124,0.99747179465902,0.9918618930076701,0.9940297435806941,0.9949209104157608,0.993236542449786,0.9930115531393662,0.9962911050492849,0.9950647160398359,0.9929206615747984,0.9972098062077903,0.9964303649825788,0.995899559701763,0.9966005020903886,0.991399844702136,0.9943894380640712,0.992915212216122,0.9909980204580033,0.9939254292070956,0.9882922719082772,0.9917268451108241,0.9921487298882478,0.9886185077216125,0.9908154483234521,0.9956872525080042,0.9926701684660639,0.9853348095430526,0.994106680373195,0.9929515005964988,0.9855734791476787,0.994271761416633,0.9852591969258095,0.9831980441481186,0.986041847987389,0.9871884396803396,0.9832635302953278,0.9890264274453038,0.9853532860776963,0.9795000179390968,0.9951668870388273,0.994670004085498,0.9923111686977456,0.9954917337452315,0.9954818842815513
36,0.9981208889185013,0.9929205619402666,0.9904888038843254,0.9999999999999991,0.9901256852878588,0.9881466517689192,0.9907446725669499,0.9923157802255969,0.9853651620921637,0.990974485649488,0.9921432393903957,0.9903111701110154,0.9935126004853054,0.9953284848625014,0.9895425937592318,0.995538467730125,0.9937688151152388,0.9937711805188427,0.9916885480315936,0.9950618635483839,0.9935601181246718,0.9926929484139234,0.995549226624333,0.9887950660509606,0.9905216009643254,0.9865970598848852,0.9906112337196618,0.9897893165122116,0.9900999487567451,0.9903616211834382,0.99364774214,0.9910990406658884,0.9902089667612265,0.9950798520748201,0.9973786241773275,0.9916136363166287,0.9939889685656781,0.99530477746132,0.994331337040547,0.9937923049984392,0.9960723324210238,0.9945617991538661,0.9949718368281714,0.9975801245593979,0.996456701196111,0.9946290697891473,0.997289788496991,0.9917970823901567,0.9946317026373941,0.9924109533721177,0.9910604490755771,0.994385468652474,0.9899153440954463,0.9934535945777003,0.9957093379518714,0.9874013131070019,0.9920027109688401,0.9946984631862639,0.9918385824836806,0.9865445956399931,0.9937902212550764,0.9936704273154557,0.9826762473212671,0.9942074866776456,0.9848574769813325,0.9830250823421125,0.9899222416601334,0.9857807464218907,0.9835470804774298,0.991616931808162,0.9842889714809315,0.989874173952359,0.9968635793381424,0.9946825114970366,0.9921209023694071,0.995340207474448
37,0.9946527735165149,0.9979450914439877,0.9898537187916143,0.9901256852878588,0.999999999999999,0.9896346862743068,0.9877952432518597,0.9906342785537637,0.9930050473394101,0.9854861897084841,0.9913073064764777,0.9949675046438775,0.9892715648705479,0.9934106654355952,0.9962737201652794,0.9898137405579075,0.995301663126163,0.9937225827754183,0.9939343761037454,0.9914913902727014,0.9951693400266142,0.9932711430840292,0.9923295481426674,0.9955803460362074,0.9872842939414195,0.9908144562271015,0.9867343617775928,0.9905338310296011,0.9897997223485937,0.9894569696505653,0.9912312817819847,0.9942404662984226,0.9910538798302299,0.9907784879826403,0.9949892923100816,0.9973706159887425,0.9916428367118597,0.9937665277608585,0.9957038025145655,0.994432813346821,0.993914016875531,0.99617208327651,0.9950570570287939,0.9940742946461142,0.9964134803940335,0.9927753479549813,0.9944264234335319,0.9966574756642209,0.9918726920257639,0.9946247912719748,0.9916030438433107,0.9914892061026637,0.9947387747064155,0.9896071325733672,0.9965774824844296,0.9954676039575375,0.987739821398024,0.988688950137348,0.9947353644902047,0.9924238205289713,0.984857153864962,0.9940216867718201,0.9860339744513978,0.9819557178873819,0.9948778732066921,0.9849563259558506,0.9859629855978973,0.989783913902099,0.9850945111723776,0.9847059187100866,0.9914317368432692,0.9921534618339678,0.9898852450513225,0.9966390947781003,0.994668384941291,0.9920744933208799
50,0.9901638421294323,0.9945863529013172,0.9903314325085495,0.9881466517689192,0.9896346862743068,0.9999999999999991,0.9873055685162839,0.9877843407053453,0.9899999449610619,0.9908554965355508,0.9860484477968343,0.9907657152216767,0.9904562505299895,0.9894087404486419,0.9944890653691898,0.9957048251007077,0.9884112054306118,0.9955202573568845,0.992504012080029,0.9925309789481969,0.9907603425275077,0.9907915189036003,0.9943040160349039,0.9913335530476002,0.9962242679058962,0.9866164181922392,0.9907525488783407,0.9855247555876361,0.9889819868847338,0.9873214430732058,0.9873314390859903,0.9929530344476091,0.9940491265288626,0.9906748739066502,0.9897720017544991,0.9943272627880104,0.9964843287521441,0.9896480547083724,0.9921776326680263,0.9938679283879283,0.9941065860408913,0.9938788465315855,0.9935115333614665,0.991531970112562,0.9904445664092235,0.9887012432005036,0.9904025190177332,0.991477892615872,0.9954904914114843,0.9915127737012198,0.9917503586810863,0.9909141972660125,0.9890844324925853,0.9906749258739338,0.9908458127856978,0.9965410258036169,0.9936196244842599,0.9805476603033213,0.9889267183205216,0.993386521158143,0.9880167455094202,0.9834249079855306,0.9792891804184118,0.9836142062806855,0.9831681427101538,0.9943058904736669,0.9854643476098258,0.9865562708289055,0.9868602439641763,0.9832942536627949,0.984671229252035,0.9945422241326478,0.9889027998397277,0.9884369468130404,0.9959264714749421,0.9938200340802136
53,0.9934857853184786,0.9889001026105684,0.9932586315410755,0.9907446725669499,0.9877952432518597,0.9873055685162839,0.9999999999999991,0.9864093174161683,0.9875799508908648,0.9901437334217933,0.9911008869624756,0.9881638307012024,0.9906012225987192,0.9896215619927355,0.9909203034568732,0.9939067796841943,0.9961747501441041,0.9877414932627275,0.9953477470287617,0.9926049372733063,0.9920846506106351,0.9911450221571753,0.9893387327710408,0.9940492697759111,0.9879717004926336,0.9957514590924794,0.9867111092350062,0.9906538230848336,0.985448257335799,0.9890943252298041,0.9880794272115087,0.9875560515141404,0.9922488111782929,0.9964310927413913,0.9907949626940276,0.9895294580502491,0.9940264489141074,0.9964713352524988,0.9897687820969323,0.9922094902820955,0.994183265853749,0.9940226715196645,0.9944792669775306,0.9933996846889008,0.9914165789938747,0.9889122861692651,0.9887342351354169,0.9903698508673404,0.9912715485856318,0.9948153994094378,0.9915621164728973,0.9913745998728929,0.9913116455981263,0.9893799803179055,0.9919373423784813,0.9890600569215797,0.9967280699613349,0.9922554905262696,0.9801235635384848,0.989077488676354,0.9931253064212161,0.987978413797863,0.9788159435607081,0.9797667107728338,0.984272797080411,0.9825900748083607,0.9960030061573301,0.9845186209895614,0.9865251272232607,0.9877878516859602,0.982077425407012,0.9913651687727095,0.9949141580584465,0.9890323316206601,0.9885076964673849,0.9959428875134435
55,0.9940951302908742,0.993512576198223,0.984524849699318,0.9923157802255969,0.9906342785537637,0.9877843407053453,0.9864093174161683,0.9999999999999991,0.9870098978940305,0.9872087717147914,0.9904003675487658,0.9934572157567089,0.9862051314038723,0.9906147338888388,0.9902696429656909,0.9911743414568993,0.9931425957030381,0.996216361780737,0.9876507667033941,0.9947342613226423,0.9926056215754668,0.9908281323944836,0.9911813423245921,0.9891565665590539,0.9932652360264567,0.9881989217410646,0.995733417270686,0.9863279159371088,0.9903093754791064,0.9841730434280923,0.9893898974313141,0.9888085871994515,0.9875434079824794,0.9920067992321472,0.9959946133678849,0.9906175867938,0.9893770687267438,0.9933268926775842,0.9965026726743618,0.9894543522279128,0.9920666864100063,0.9941767653934246,0.9938581662839792,0.9928058399226402,0.9914157432831425,0.9863971351379164,0.9881714059657329,0.9874464885640653,0.9901993762397425,0.9912665874403764,0.9932914658044883,0.991915865460922,0.9911452873051347,0.990106732987818,0.9925911748503521,0.9920467059899997,0.9889714418183506,0.9920468893867382,0.9923238013813681,0.9803917948006999,0.9864064049978317,0.9930348100116582,0.9783549803282772,0.9773582841254487,0.9803680625155027,0.9843324436146016,0.9853865119145513,0.9960821046681141,0.9831634398507754,0.987161807486616,0.987797198295128,0.9893669603483678,0.9906262844364552,0.994255027178087,0.9887493758742829,0.9881832605263243
57,0.9889647495777208,0.9943000511783174,0.9899237984220499,0.9853651620921637,0.9930050473394101,0.9899999449610619,0.9875799508908648,0.9870098978940305,0.9999999999999993,0.9866461651152858,0.9891841480798694,0.9909333457113231,0.9918355579460425,0.9870068399798115,0.9938908289280766,0.9903447298464904,0.992226786605006,0.9941573189830264,0.9962890463949112,0.9882466580530662,0.994988244891586,0.9909438245643531,0.9920079747494048,0.9914964931129133,0.9890032719327861,0.9933457520327571,0.9896410133018079,0.9961391295465317,0.9863581297284275,0.990407055734893,0.9837425885629549,0.9921241117421142,0.98941322522682,0.9908521412746296,0.9928705150389318,0.9966749663126007,0.9909888389680429,0.9893286551143641,0.9931533556897862,0.9963203504519371,0.9909324968627624,0.993379735882722,0.9934895566333546,0.993032599950494,0.9921540285571788,0.9881057536848252,0.9860454083783114,0.9876789977746762,0.9876213127357156,0.9906492135630696,0.9911264683394556,0.9933215312682843,0.991360703065036,0.989689674677859,0.9909448734152787,0.9922899126524951,0.9917764563814073,0.9858804498289101,0.9932698018261438,0.9922053486189178,0.9794648184693762,0.986343027901458,0.9838583228474361,0.9790016374958224,0.9800148613746822,0.9806050941421056,0.9851161572977878,0.9865023007419027,0.9956549045890114,0.9828876702011118,0.987437867522254,0.9915261088655253,0.9883787554128167,0.9912349361776539,0.9952614555606651,0.9895910701508825
59,0.9927476689924367,0.9880891913616938,0.9926597408335236,0.990974485649488,0.9854861897084841,0.9908554965355508,0.9901437334217933,0.9872087717147914,0.9866461651152858,0.9999999999999993,0.9878170715785629,0.9903406182943607,0.9905064321752955,0.9916204176663662,0.9897195212374544,0.9933892906202825,0.9914904168011937,0.992237279877908,0.9940723487295691,0.9968687451837275,0.9880264202582767,0.9947289623999094,0.9904567305306076,0.9920237754835989,0.989077592952499,0.9886006221319433,0.9942050006644121,0.9898843333536969,0.9961819102667155,0.9868709016302505,0.9906296910408392,0.9851545174362598,0.991907447443078,0.9930908211378815,0.9915299841371237,0.9930906450343737,0.9966779275869884,0.9911453656851548,0.9892928167506181,0.9931529569788125,0.9974093635006943,0.9915708738352419,0.9934834956804018,0.9934451786515326,0.9931781087933941,0.9906973867839577,0.988142866564105,0.9861254351336568,0.9876501583847174,0.9873429172549812,0.9910562447484144,0.9907260045764266,0.99336539410418,0.991132484597316,0.9900893547955927,0.9893679584195667,0.992286070110767,0.9904469065272001,0.9861773161114404,0.9932112471543504,0.9922964341086166,0.9794068122994345,0.9807818605239264,0.9850210770148066,0.980757836554671,0.9796692377158399,0.9813998967840646,0.984966955155512,0.9866475607479991,0.9959901952330452,0.9820907908984176,0.9922885026480294,0.9914646703290815,0.9889906524634358,0.9919062077352586,0.9958235775754467
63,0.9953347991345942,0.993202957774955,0.9859075908222764,0.9921432393903957,0.9913073064764777,0.9860484477968343,0.9911008869624756,0.9904003675487658,0.9891841480798694,0.9878170715785629,0.9999999999999993,0.9929380415638154,0.9903062794581929,0.9906381306332122,0.9916995057594427,0.9909626125015624,0.9929642498350483,0.9915697786433526,0.9932426393172663,0.9940563162852563,0.9976976610741422,0.9892894160085834,0.9942275799746776,0.9910753291887162,0.9905748161726017,0.9903398681889892,0.9886260162720037,0.9945579478660873,0.9906306280718494,0.9956923779802884,0.9893363274892468,0.9905981677062161,0.9854981058842831,0.991197333370132,0.9930916336996212,0.9918446444297627,0.9936780324384636,0.9970619549823767,0.9926893689127538,0.9903232561987017,0.9930992201791407,0.9974784464245606,0.9935658599397115,0.9931887065376257,0.9925714726527175,0.9897788805358552,0.991307665915081,0.9881002643515859,0.9869018098937405,0.9881611994082533,0.9867393039974167,0.9925869291780832,0.9924061353787725,0.9944812060940684,0.9967138421959697,0.9908188348337281,0.9908651880199287,0.9893332340155315,0.9905063155316609,0.9879996345472624,0.9915661451405791,0.993496386635532,0.9733442507588802,0.9797461634553525,0.9850773017622179,0.9815720341258559,0.9848850973312473,0.9812744981799683,0.9847557307035797,0.9895299906852539,0.9963743892315814,0.9935526763912514,0.9936587543374029,0.9913947130161065,0.9890419451577237,0.9920080204585785
67,0.9962847599246534,0.9967509531814821,0.992695111905197,0.9903111701110154,0.9949675046438775,0.9907657152216767,0.9881638307012024,0.9934572157567089,0.9909333457113231,0.9903406182943607,0.9929380415638154,0.9999999999999992,0.9935656731776026,0.9930721608936328,0.9982522818350971,0.9927401457321682,0.9956002058653397,0.996163527943026,0.9931663466736619,0.9966752430868819,0.9958312641324539,0.9974534711029319,0.992598804476317,0.9964259904377448,0.9922212761812196,0.9916867345453391,0.9947068192568957,0.9912822041132661,0.9964381431612925,0.9939196040011817,0.996016610231278,0.9953725652542182,0.9930269580474651,0.994541662697231,0.994923238848494,0.9960116408593068,0.9940954710745894,0.9958712253506103,0.9980957664161344,0.9941254578087891,0.994979815423171,0.9971392343894971,0.997856789492243,0.9954228768026951,0.9958042375166218,0.9933585778599401,0.9914104498983713,0.9933588747014287,0.9899885346174503,0.9889957543865523,0.9912244123140739,0.9876067612246281,0.9932526921440861,0.9924839426279853,0.9937368564277607,0.9968472499578519,0.9918169242937915,0.9916039089572996,0.9929657632249806,0.991329725641434,0.9908665277696176,0.9929222116536354,0.9876213033268182,0.9779900521244416,0.9859150158295684,0.9866843689540654,0.9813471737203694,0.9881436817651528,0.9835304329998914,0.9849896236284059,0.9911108830918032,0.9976438175785476,0.9939864757395102,0.9971814917077391,0.9951956796981434,0.9925517912563664
69,0.9952304599967445,0.9935997742123798,0.9963610619087023,0.9935126004853054,0.9892715648705479,0.9904562505299895,0.9906012225987192,0.9862051314038723,0.9918355579460425,0.9905064321752955,0.9903062794581929,0.9935656731776026,0.9999999999999992,0.9917395398254714,0.9950260531937553,0.9963649385077432,0.9935543073311908,0.9940512407892254,0.9951722603072041,0.9931704371988809,0.9952553604480159,0.9960585154140466,0.9947849077066545,0.9916434517929849,0.9911401939671393,0.9905426425820292,0.9914790044968911,0.9941702739284433,0.9906295306093076,0.9968530968219547,0.9938506085851677,0.9958074923551833,0.9936971284289321,0.9969896195257409,0.9945161132945535,0.9940884425750143,0.994975018727173,0.9937931044718916,0.9951401567052472,0.9975062496563315,0.9943532566563645,0.9944490347033286,0.9971137473010782,0.9979420848048548,0.9958108754683563,0.995683269660411,0.9930665577881072,0.9914190782445901,0.9924178866753316,0.9883236098651877,0.9894133234996418,0.9895707840399968,0.9873813114752631,0.9933720472074838,0.9912193118725741,0.9900643095106076,0.9962766475757825,0.9917118084563394,0.9904686159631024,0.9921058730153527,0.991974690676213,0.9900378737844509,0.9900142319733207,0.9889271048822991,0.9785167653756605,0.9842664495138975,0.9863372512251426,0.9794384995665597,0.9882407197343884,0.9834896297037727,0.9824460575769628,0.9955819775686541,0.9976441109034413,0.9940745245634071,0.9970064115466327,0.9949238237278253
74,0.9968483549910635,0.995322550479254,0.9893120413974963,0.9953284848625014,0.9934106654355952,0.9894087404486419,0.9896215619927355,0.9906147338888388,0.9870068399798115,0.9916204176663662,0.9906381306332122,0.9930721608936328,0.9917395398254714,0.9999999999999991,0.99216149539062,0.9954201000859269,0.9955050241560945,0.9935605917773419,0.9940725789862388,0.9945407971336762,0.9932567142693258,0.9942571280228258,0.9960033475722089,0.9946627114514858,0.9908101877156585,0.9915061468580447,0.9904447887288521,0.9911225104647386,0.9939169854041456,0.9893211383532766,0.9974277979666681,0.9944014238594105,0.9958143149949107,0.9931455591032267,0.9965152088439724,0.9943450198601622,0.9939895788483292,0.9943415961448712,0.9940006418214085,0.9949563310911484,0.9972694906458934,0.9942822446718322,0.9945353435640337,0.9955018677600009,0.9959469721763579,0.9907551083887922,0.9950432084030988,0.9918329737751153,0.9913343214928867,0.9924586949151868,0.9868084305599858,0.9899279335115525,0.989555912430285,0.9864198707592982,0.9970463783736755,0.9914605214988002,0.9901539167598958,0.9916289432043252,0.9917250707035309,0.9909388381193587,0.989383523965865,0.9920232336179469,0.9806160061658161,0.9884071573729668,0.9893594976857478,0.978661731473967,0.9874806900437433,0.9863559394867539,0.9781414946878904,0.9891719343182706,0.9835504168267566,0.9904153715333891,0.9950600030902265,0.996957397565279,0.9937455221259766,0.9966498232018217
77,0.9952355858709455,0.9978006185050832,0.9954412222903599,0.9895425937592318,0.9962737201652794,0.9944890653691898,0.9909203034568732,0.9902696429656909,0.9938908289280766,0.9897195212374544,0.9916995057594427,0.9982522818350971,0.9950260531937553,0.99216149539062,0.9999999999999991,0.994390107536227,0.9956647009421222,0.9958273186717876,0.9957060909839358,0.9948764578454353,0.9962507467674991,0.9969741143706312,0.9934704209684293,0.9975409344908889,0.9927057853335,0.9931034412034188,0.9918582248102497,0.9916812344525394,0.993035545498373,0.994486283221872,0.9938418198811643,0.997024704287269,0.9952500775494935,0.9952733923745338,0.9938234874823617,0.9975001506466655,0.9957844513455361,0.995570210217027,0.997383567030778,0.9964238122814277,0.9953012672609385,0.9976746204622381,0.9983541126485699,0.9957583460906279,0.9959671772150515,0.9944505781737711,0.9927857438405832,0.9963981270784548,0.993646514131983,0.992471906112117,0.9929955695514533,0.9894490051058802,0.9934458412096702,0.9929065066870939,0.9938738118280049,0.9983736056349184,0.9945235961057065,0.9891331155925979,0.9919133980986169,0.9950695188359346,0.9906386132152016,0.9918683135811429,0.9893178452459954,0.9803818560625085,0.9883147836270756,0.9910068714019463,0.9859440827942312,0.9873708210198404,0.987454297148708,0.9830117333350049,0.9899972251548668,0.9985732293316166,0.9938236533191116,0.9958121187409852,0.9975953775900867,0.9945010943955508
81,0.9960748659107781,0.9952358386194787,0.9937730229672694,0.995538467730125,0.9898137405579075,0.9957048251007077,0.9939067796841943,0.9911743414568993,0.9903447298464904,0.9933892906202825,0.9909626125015624,0.9927401457321682,0.9963649385077432,0.9954201000859269,0.994390107536227,0.9999999999999991,0.9946804688907008,0.9962011068510161,0.9957073006560397,0.9957525927715493,0.9949045684802525,0.9945964810397081,0.9976164414727948,0.9934769303849593,0.9970106247659881,0.9927008881394657,0.9939074722288267,0.9918514044842472,0.9914482729491041,0.9925186020557074,0.9941755955003304,0.9957507004491711,0.9972794741881907,0.9972208867775987,0.9955525665438616,0.9940653406753697,0.9975539805202005,0.995375864615499,0.9953347887952396,0.9970205980931146,0.9972122669882246,0.9960202329646202,0.9970380794193852,0.9970960671049651,0.9945095854679595,0.9919080285467803,0.9938265333604032,0.9918815093147288,0.9963182375123645,0.9938004055066072,0.9917235471086467,0.9930018232238047,0.988882291100339,0.9919486495562531,0.9944428860354309,0.9935709824616485,0.9980314430064046,0.9907452606666621,0.989808666904051,0.9917995073257012,0.9933801707210681,0.9904331409521445,0.982423025731086,0.9891012233899517,0.982194683252934,0.988355861568994,0.9923810369484454,0.9865566976865877,0.9864957493187037,0.9873681248771988,0.983053831577532,0.9948894627791822,0.9975294124471575,0.9938601594926797,0.9962329554628895,0.9979014968017861
82,0.997607878369374,0.995242260410049,0.994749562394973,0.9937688151152388,0.995301663126163,0.9884112054306118,0.9961747501441041,0.9931425957030381,0.992226786605006,0.9914904168011937,0.9929642498350483,0.9956002058653397,0.9935543073311908,0.9955050241560945,0.9956647009421222,0.9946804688907008,0.9999999999999992,0.9938609812016004,0.9967633518318956,0.995770647137431,0.9958742200322879,0.9969340118585868,0.9926596669933878,0.9977932857013707,0.9898494789363561,0.9974174996306773,0.9923920329047912,0.994055470658602,0.9923888421582022,0.9915157508684717,0.9949537431954705,0.9933727595419358,0.9952231516839057,0.9979179197210613,0.9971911197138208,0.9954188978755396,0.9941537339039527,0.9980089405603658,0.9966053175816396,0.9962232643899164,0.9968640471771544,0.9968141450874842,0.9981747992364991,0.9974116674616147,0.9970929938772602,0.9930904491795984,0.9926583682611391,0.9942503407956428,0.9922475488426808,0.9959780711971579,0.9938537323565659,0.9923699945737454,0.994735285317851,0.9906307503943679,0.9958301422522813,0.9934837130205212,0.9948809997195897,0.9969038669797485,0.9900555714882004,0.9911771391135371,0.9914068823020523,0.9942264564001168,0.9872752586993393,0.9823049040482567,0.98877478662448,0.9821899560058428,0.9925120176038998,0.9911366991084852,0.9868574328403206,0.9892031009264822,0.9865080421124552,0.9937630509747886,0.9966449337648179,0.9975897526065807,0.9937461677153758,0.9961619016733076
83,0.9954769035230079,0.9977554105481314,0.9912640185961847,0.9937711805188427,0.9937225827754183,0.9955202573568845,0.9877414932627275,0.996216361780737,0.9941573189830264,0.992237279877908,0.9915697786433526,0.996163527943026,0.9940512407892254,0.9935605917773419,0.9958273186717876,0.9962011068510161,0.9938609812016004,0.9999999999999991,0.9940384374802135,0.9962078999066396,0.995971817148197,0.9952509445650881,0.9967843618990747,0.9926487209849106,0.9968357618169654,0.9903615856531031,0.9973117035766159,0.9921351057652995,0.99395776710715,0.9911851059489691,0.9924072218259271,0.9953746359608853,0.993423032158745,0.9945809315719534,0.9974961594024918,0.997082562413096,0.9954212387591731,0.993673656361091,0.9984406091853915,0.9966170139329165,0.9959872080561357,0.9967912188633836,0.9972217432377712,0.9967576445668334,0.9955751887456536,0.992260356266506,0.9926487223526594,0.991604034241428,0.9942997563568923,0.9923562011782525,0.9945644001080258,0.9945427656124699,0.992635389175788,0.9941024430633063,0.994635809094518,0.9961593988714045,0.9938061831348975,0.9904896734697508,0.996903390273746,0.990752666296205,0.9886044130505135,0.991640169040721,0.9852414180259175,0.9857284962407551,0.982634174064072,0.9890286924631371,0.9857549827902318,0.992487390781859,0.9899715890304202,0.9881176623603336,0.9893100278951013,0.995177778745042,0.9935535866179254,0.9960362610205419,0.9972970617670659,0.9934445276079058
84,0.9948698303400565,0.9950678733998619,0.9950526432014428,0.9916885480315936,0.9939343761037454,0.992504012080029,0.9953477470287617,0.9876507667033941,0.9962890463949112,0.9940723487295691,0.9932426393172663,0.9931663466736619,0.9951722603072041,0.9940725789862388,0.9957060909839358,0.9957073006560397,0.9967633518318956,0.9940384374802135,0.999999999999999,0.9942826407463086,0.9961751499036383,0.995325242991647,0.9951528020766155,0.996830738877835,0.9910482621561256,0.9967618892677572,0.9910376079851967,0.9974269354320969,0.992117272979088,0.993892144243622,0.9914539299676999,0.9937838205299026,0.9953695128125678,0.9958127557648645,0.9949685268423206,0.9976924227329597,0.9971365879155473,0.9953411074842535,0.9937239695888943,0.9983905327451525,0.9973898799684677,0.9965377813539609,0.996813032697868,0.9966237757070757,0.9961749477755623,0.992791167360139,0.9920703003101489,0.9922820649548533,0.991617019137589,0.9942473994942271,0.9921310017897912,0.9945322282324933,0.9945177865472092,0.9920435162337458,0.9955916226032309,0.9938105675125017,0.9961789214655012,0.9912560616943704,0.9908583585275534,0.9970302791936616,0.9898777945626419,0.9886081375050049,0.9844006744993612,0.9855278572201671,0.9872537450598571,0.9825471878962918,0.9906058254368231,0.9858599226767636,0.9921370844157941,0.9904337978629378,0.9877542289871598,0.9950300260648697,0.9948792253193246,0.9938064541575151,0.996483596711798,0.9976520950580108
85,0.9979393564754021,0.9941092336695442,0.9935951985053744,0.9950618635483839,0.9914913902727014,0.9925309789481969,0.9926049372733063,0.9947342613226423,0.9882466580530662,0.9968687451837275,0.9940563162852563,0.9966752430868819,0.9931704371988809,0.9945407971336762,0.9948764578454353,0.9957525927715493,0.995770647137431,0.9962078999066396,0.9942826407463086,0.999999999999999,0.9942446884539087,0.9970791539189097,0.9939767828751357,0.9951696698682932,0.9938663750502735,0.9911801337427905,0.9966970982253596,0.9910536841130828,0.9976455996890677,0.9919921596690588,0.9954168522438751,0.991345034900784,0.9933506209499376,0.9964742039088599,0.9958094551158359,0.994843041712133,0.9976580931754199,0.9972666682563758,0.9960245835015327,0.9941473386471522,0.9984487541096347,0.9972257572489069,0.9977835698716917,0.9966833234452508,0.9962535557418463,0.994061565392395,0.9930687693691214,0.9920639304269298,0.9924075817897651,0.9912863694619138,0.9940504811945955,0.9924338637510035,0.995499421330921,0.9952760620798636,0.9949794201569765,0.9946090016397515,0.9945304960333987,0.9943431877740347,0.9908505769169345,0.9916650973743881,0.996286426684147,0.9902994146061043,0.9837595461588808,0.9842746129589155,0.9857643140187613,0.9871215826655304,0.9856359563865841,0.9897672831909945,0.9857836148952116,0.993925212043022,0.9896665191566175,0.9965958180824201,0.9958971326683685,0.994878726093532,0.99377520473407,0.9964461503348934
93,0.9966227731396038,0.9977380685374049,0.9907064587470599,0.9935601181246718,0.9951693400266142,0.9907603425275077,0.9920846506106351,0.9926056215754668,0.994988244891586,0.9880264202582767,0.9976976610741422,0.9958312641324539,0.9952553604480159,0.9932567142693258,0.9962507467674991,0.9949045684802525,0.9958742200322879,0.995971817148197,0.9961751499036383,0.9942446884539087,0.9999999999999991,0.9932753908942242,0.9971440156082121,0.9939589015639558,0.9939878885712026,0.9939107922427418,0.9916720078919439,0.9966502404292626,0.9909161266192681,0.9971398935679217,0.992199330126732,0.996691326309264,0.9913882761166402,0.9948701918634728,0.9966035917197079,0.9959086175658516,0.9948454857082712,0.9973486927224874,0.9972830916037465,0.9958591402057344,0.9946477001788588,0.9988658802865392,0.9971069967003403,0.9967643402169742,0.995576085557901,0.9925827359834534,0.9936474609132717,0.9923464975788621,0.9920195447934741,0.992413403724334,0.9905975475215093,0.9941580472705099,0.9922791870869114,0.9945923437855705,0.9973361409756347,0.9945343648147156,0.9945556768378193,0.9911551895324417,0.9946790332100401,0.9910008235110975,0.9901215352545859,0.9962433508966455,0.9820100028729379,0.9834373371742324,0.9855682094334552,0.9857545304622858,0.9890649267451052,0.9858192632444116,0.9890366630040967,0.9862310938821953,0.9937480933785607,0.9958045327046141,0.9960628454407175,0.9958480501888383,0.995106327788029,0.9939220026155058
98,0.9968440463821799,0.9944410823023995,0.9977081652638892,0.9926929484139234,0.9932711430840292,0.9907915189036003,0.9911450221571753,0.9908281323944836,0.9909438245643531,0.9947289623999094,0.9892894160085834,0.9974534711029319,0.9960585154140466,0.9942571280228258,0.9969741143706312,0.9945964810397081,0.9969340118585868,0.9952509445650881,0.995325242991647,0.9970791539189097,0.9932753908942242,0.9999999999999992,0.9917544840751333,0.9967332892154989,0.9896379007707272,0.9925295947037366,0.9948339209676617,0.9918219022777133,0.9964242199332451,0.99224263500857,0.9967853558345658,0.9935321016783073,0.9957180448542398,0.9974730619421208,0.9958151695191584,0.9965392822959886,0.9954503353092099,0.9950924021033903,0.9967095588438691,0.996968223112499,0.9972800418185503,0.9951795777469792,0.9986510034333215,0.9977570791640709,0.9979837020073746,0.996320765398092,0.9926663053102418,0.9942268726143254,0.9918575377729025,0.9909427695851774,0.9937234690571726,0.9890670343774879,0.9938799463596292,0.992284382736715,0.9923259377082116,0.993852381846908,0.9940511641204774,0.9952240629621705,0.9910258400557126,0.9938191474115963,0.9926513193197712,0.9895334833542833,0.9932515023257249,0.9846014232806268,0.9854815928859831,0.9843389356677137,0.9845304375304008,0.9881285298359206,0.9865610270733358,0.9886202528016671,0.984225921629277,0.9962860099691468,0.9957388359432178,0.9970760329427399,0.9966642256087588,0.9957552212900286
99,0.9957025404065788,0.9972287705793426,0.9887445421638804,0.995549226624333,0.9923295481426674,0.9943040160349039,0.9893387327710408,0.9911813423245921,0.9920079747494048,0.9904567305306076,0.9942275799746776,0.992598804476317,0.9947849077066545,0.9960033475722089,0.9934704209684293,0.9976164414727948,0.9926596669933878,0.9967843618990747,0.9951528020766155,0.9939767828751357,0.9971440156082121,0.9917544840751333,0.9999999999999992,0.9914067502336503,0.99648487381397,0.9901903661374396,0.9918399158474367,0.9940338736774821,0.9912671125401088,0.994088367764273,0.9927882048825885,0.9967860564864169,0.9934843611444135,0.993063416986946,0.9963052049046515,0.995302974219626,0.9962290260024033,0.9942841863306842,0.9952384655364577,0.9962678654430681,0.9959683482467144,0.9967243646631196,0.9950741914250363,0.9961389357189596,0.9946112228381021,0.9910782207724573,0.9951954197788893,0.9906607186747002,0.9939496794333063,0.9918869096272219,0.9883697002593903,0.9944977644898367,0.9888474013716737,0.9923777036470476,0.9972739500978846,0.9932467528225191,0.9938108689667285,0.9877400707756654,0.9949517807394941,0.9915663460557906,0.9896265396236177,0.9925793189078187,0.9781722211608911,0.9901916944201581,0.9842701054721548,0.9856964215270099,0.9884838816207465,0.9844792960540496,0.9859680143593013,0.987582868102666,0.9889247919106734,0.9934876157486425,0.9953680578930109,0.9942944218975746,0.9961230774056022,0.9957260605613634
104,0.9950928493973237,0.9953123162058568,0.9944521446274255,0.9887950660509606,0.9955803460362074,0.9913335530476002,0.9940492697759111,0.9891565665590539,0.9914964931129133,0.9920237754835989,0.9910753291887162,0.9964259904377448,0.9916434517929849,0.9946627114514858,0.9975409344908889,0.9934769303849593,0.9977932857013707,0.9926487209849106,0.996830738877835,0.9951696698682932,0.9939589015639558,0.9967332892154989,0.9914067502336503,0.9999999999999996,0.989681518618326,0.9965319863609104,0.9905581687624733,0.9918348966240893,0.9940102011462203,0.9909395029469453,0.9946635257876469,0.993695804468035,0.9966886836323232,0.995031063322647,0.9931963669865286,0.9963568171264714,0.9953017572425529,0.996075599957822,0.9944854790672439,0.995251032051613,0.9966913822493391,0.9962456290746693,0.9969987183834292,0.9943686094249535,0.9953180664635981,0.9915188967061987,0.9908888163823935,0.9947228765634061,0.9906699654829827,0.9938515270285366,0.9914064874610705,0.9885040598351547,0.9946677601142341,0.9884492996904186,0.9945727597107273,0.9966145121797877,0.9934139631476959,0.990994605450987,0.98787477419001,0.9952774486729203,0.9903513419965446,0.9897160464334438,0.9853635193844943,0.978003735089238,0.9912444562112146,0.9842122708811858,0.9878896465278881,0.9883748473677346,0.9839932513858383,0.9867744734884201,0.9872143935937602,0.9957267482331194,0.9933740951441504,0.9953800911191897,0.9944850676189143,0.9962520615511972
106,0.9919741588690032,0.9947360103436778,0.98637908872865,0.9905216009643254,0.9872842939414195,0.9962242679058962,0.9879717004926336,0.9932652360264567,0.9890032719327861,0.989077592952499,0.9905748161726017,0.9922212761812196,0.9911401939671393,0.9908101877156585,0.9927057853335,0.9970106247659881,0.9898494789363561,0.9968357618169654,0.9910482621561256,0.9938663750502735,0.9939878885712026,0.9896379007707272,0.99648487381397,0.989681518618326,0.9999999999999993,0.9890060163426148,0.9946986321948558,0.9882767804787833,0.9896439581029387,0.9897185647344996,0.9893025333649137,0.9941234651990962,0.9926985357564864,0.9921203702347199,0.9923935465553814,0.9914353762589604,0.9947129205576627,0.9923318621409336,0.9944604250106532,0.9922588694318397,0.992964011572044,0.995060301923484,0.993834067518582,0.9922148287587685,0.9889680470531783,0.9853091789804486,0.9884573747604745,0.986801259310077,0.9929787921688062,0.9896779381862284,0.9891920990679456,0.9908980240153157,0.9861715761127207,0.9905056069316716,0.9921054357195224,0.9949149677351687,0.9947023832457024,0.9840426748072985,0.9898638657941382,0.9867396087050624,0.9885976431873642,0.9886500684695091,0.973881943895804,0.9803503622612555,0.976853435628684,0.9903253434327204,0.9867043960350076,0.9872760562310863,0.9841421135950494,0.9828942983057029,0.986355476160356,0.9939166641991115,0.9923917762898392,0.9903098117784729,0.9930735073401675,0.9921621709381703
107,0.991771297342361,0.9919274435189457,0.9910080811107891,0.9865970598848852,0.9908144562271015,0.9866164181922392,0.9957514590924794,0.9881989217410646,0.9933457520327571,0.9886006221319433,0.9903398681889892,0.9916867345453391,0.9905426425820292,0.9915061468580447,0.9931034412034188,0.9927008881394657,0.9974174996306773,0.9903615856531031,0.9967618892677572,0.9911801337427905,0.9939107922427418,0.9925295947037366,0.9901903661374396,0.9965319863609104,0.9890060163426148,0.9999999999999996,0.9898387194613382,0.9947540339122654,0.9881132259973653,0.9892653395936771,0.9895153165581136,0.9911717611701736,0.9943673220062645,0.9948453591699582,0.992470158656714,0.9926684717955166,0.991522419987934,0.9944004709676111,0.9921639915499074,0.994178999631465,0.9930994520147761,0.9937035725315999,0.9945510013748651,0.9927451255148713,0.9911464253126978,0.9852517467638657,0.9848021215522218,0.9876959980522376,0.9867681953766925,0.9931281452803113,0.9890809371063999,0.9892041061228392,0.9904385821699045,0.9848686734934085,0.9919868189564538,0.9917219912444319,0.9946551881235561,0.9911990168112035,0.9847059509276234,0.989803600786728,0.9852828479637801,0.9884512092198083,0.9796881323150108,0.9738311049016563,0.9821811924271997,0.9768956824646,0.9917042340092909,0.9872742957141349,0.9865389609272026,0.9841503561770311,0.9828920598101383,0.9912883358439651,0.9930275751018205,0.9925189104296398,0.9907833383104558,0.9934356996919663
109,0.9930382613210746,0.9918323110217953,0.9897346342153643,0.9906112337196618,0.9867343617775928,0.9907525488783407,0.9867111092350062,0.995733417270686,0.9896410133018079,0.9942050006644121,0.9886260162720037,0.9947068192568957,0.9914790044968911,0.9904447887288521,0.9918582248102497,0.9939074722288267,0.9923920329047912,0.9973117035766159,0.9910376079851967,0.9966970982253596,0.9916720078919439,0.9948339209676617,0.9918399158474367,0.9905581687624733,0.9946986321948558,0.9898387194613382,0.9999999999999993,0.9900233837413523,0.9952471875252749,0.9876636971550075,0.9912492244167962,0.9895407502395699,0.9912600117115379,0.994238945949855,0.9948074890028888,0.9926126599231634,0.9930051555234517,0.9917282408667956,0.9955537805380007,0.9928921975933033,0.9941543867311549,0.9930976364600106,0.9952745824801527,0.9941748507274148,0.9919180651151571,0.9879873585679257,0.9856320275637591,0.9846546337707238,0.9881943194923679,0.9869862345951506,0.9925556941450911,0.9901351714023032,0.9904861357970581,0.9912212095966606,0.9893835581113266,0.9921598517335468,0.992843473148823,0.9918621700600738,0.9911275112585348,0.9860757820499687,0.9883382707319007,0.9861208035295476,0.9823322544905754,0.978885454747624,0.9739953556880165,0.9826495646932631,0.9812197670551167,0.9913915866921157,0.9869945371352866,0.9888775150495441,0.984160914092006,0.9931627876785631,0.9923052959187109,0.9929256999122433,0.9925183850601753,0.9908073983917999
