A,23,32,35,36,37,50,53,55,57,59,63,67,69,74,77,81,82,83,84,85,93,98,99,104,106,107,109,113,114,115,117,165,166,198,199,233,234,240,241,249,251,252,254,256,261,262,263,302,306,317,325,334,335,336,337,342,345,346,351,353,354,365,380,383,404,406,411,416,419,420,421,424,425,426,428,435
23,0.9999999999999958,0.8007849976447271,0.8457392033225606,0.9736089593135336,0.8021904749101363,0.7337871027035257,0.9188582164132985,0.7385474975145988,0.6727074312406204,0.9361206099753024,0.8788230088023102,0.8203186256607261,0.786777763390029,0.9654586279997271,0.634090856460194,0.8951026465340638,0.8343054148968799,0.8055706893887079,0.8573763897282363,0.9638358644222165,0.7525285672416316,0.8992493059925765,0.7793338024746888,0.9087165515593948,0.7995690225078222,0.7818570509683952,0.7634287847438544,0.9272461521343641,0.9454600213701652,0.7054329171272411,0.9492109135383389,0.837983732990455,0.8960516111159037,0.8898150821987626,0.8610932504979977,0.7658957939318382,0.9325735949496824,0.8950960478730395,0.5812908305696075,0.8248967112338993,0.8402353876829691,0.8673419295132596,0.8676465950030027,0.7892418852568505,0.9735674910078043,0.837216885311759,0.9225689812356044,0.9580662135511175,0.7001602349151178,0.8172264859386262,0.7635492515310286,0.8850371197060838,0.8287211411067077,0.4663427738057366,0.9669555984806687,0.2724954561029521,0.7899133366620866,0.8326730551794808,0.5348310901880502,0.914807881331278,0.9633523388438929,0.6059718460220679,0.8864934680972698,0.8978699971412238,0.9440807125741698,0.5565814498443018,0.9378855079186554,0.7741865374051655,0.5093680642696494,0.7824729858702808,0.6242285344520411,0.2705537598585367,0.8695841137527943,0.8925146366097894,0.6019345216259917,0.9244939579038258
32,0.8007849976447271,0.9999999999999991,0.9592356100436054,0.8305533490417856,0.9616694936691415,0.9306515846611187,0.6504080032330668,0.9153678002825049,0.8807084819812222,0.7873934521201555,0.8821739031485196,0.9855264043638972,0.9909522031260528,0.7667089105119667,0.9350343137081251,0.7178319477360514,0.9446733259103846,0.8805689437338976,0.9779751158418852,0.8311256644515888,0.9433028329655045,0.8744417332652676,0.9469609325825553,0.7949159218573237,0.8931763393838561,0.8763002010168769,0.9344903102612732,0.8836454750072886,0.7536889446532771,0.9755914559526024,0.940191241166157,0.9948347588972971,0.892793296021734,0.9127759435029641,0.8991586290966038,0.9476173298523644,0.8534084103533226,0.8741212958316664,0.8688357564323846,0.6902209401120859,0.8216529352195471,0.9455241142004044,0.9420523581950025,0.9944461008854293,0.8208998712596421,0.9969607998476443,0.9549068839683998,0.8449169270079147,0.8569371438141624,0.9434035930122736,0.9364258922353211,0.680961962617104,0.7638692107817473,0.7719928378277564,0.7495635798905763,0.6341617275905572,0.47177439848014835,0.6813292247758438,0.8025030108111028,0.9030264734105594,0.8114761667707582,0.9068244007674339,0.956228529038438,0.7484440375295234,0.8507479161255443,0.8925014101898846,0.8700474792724934,0.6970298170240287,0.7761674826041477,0.45810465393387934,0.7874918708432449,0.6560497022249702,0.5105622784763453,0.8882144749169466,0.8050055557196758,0.9327186711720861
35,0.8457392033225606,0.9592356100436054,0.9999999999999971,0.9100901779128363,0.9757150466581468,0.9468373979910442,0.7822899597539777,0.9592948832003397,0.9511254472426574,0.8993807886126268,0.8618060202060629,0.961862010625003,0.9786537490550716,0.8628488278637019,0.8742599904214483,0.8525820132569665,0.9976539351538393,0.967128728125049,0.9897740864404806,0.8789436744791425,0.8687522060302872,0.9598304473049154,0.9529086696249816,0.8959205770656434,0.9760646893732845,0.9717995981680357,0.9598865711765848,0.9221289459153565,0.862604951199736,0.9179378929218442,0.961264412750939,0.9804780090308198,0.9704709420675633,0.9863549626731027,0.9839471066511405,0.9777291029774713,0.897365958253498,0.8782514627222947,0.8234828282862424,0.847938349210391,0.9453531982233553,0.9908006720924597,0.9765515583506125,0.9664510418710291,0.8878273519811032,0.9644233919485623,0.9446062712140313,0.9196347537867826,0.9193625147157121,0.9904827269451918,0.9136982610865209,0.8170359590912746,0.8953003552823858,0.6977246502453673,0.8236824631995975,0.5138174146645589,0.6261833208158056,0.840665698219536,0.8519657451574897,0.9648743885078351,0.8291025780711949,0.7677507468586741,0.9882064614074169,0.8598665412004429,0.9280427542954256,0.8031863039385045,0.951627628686001,0.8524927772437298,0.8295130784034782,0.596034239538787,0.7179137130759985,0.5286371912896253,0.6368307178425218,0.9729544378468725,0.8790188388562449,0.9644142522384501
36,0.9736089593135336,0.8305533490417856,0.9100901779128363,0.9999999999999978,0.8629436508984605,0.8082110472333683,0.9533340055567577,0.828546730512435,0.7818456304559503,0.9878038942743015,0.8723602183798067,0.855266296421758,0.8375770260563831,0.9858483616202189,0.6827075166592707,0.9529680247028526,0.9060761777373513,0.9006546883308131,0.9005168944776113,0.9663673713169696,0.763431975916669,0.9647199935718521,0.8395843726234684,0.9635347078185962,0.8965752271947786,0.8812181519026867,0.8374988765814921,0.9564416974831872,0.981229677652454,0.7467981010611568,0.9649716036627158,0.8747181340893836,0.955376182912725,0.9564328064529721,0.9408112419379963,0.8439545165131084,0.9550096391060016,0.9021419914258223,0.6378707205281907,0.9165809281473635,0.9317582722502789,0.9315501446950004,0.9146081248277326,0.8263438725902182,0.9833182972993579,0.8617154713524643,0.9284608532990867,0.9831616930539433,0.7850401168424265,0.8887624770956051,0.7994128293093651,0.9507175053545327,0.9162619601432131,0.5120849821874097,0.9694088538293331,0.30345741049243763,0.8352927947723261,0.9106879197000557,0.6573530557270826,0.9624307132948927,0.923220250613621,0.5992653767534247,0.9343119089459264,0.9403411909196814,0.9799051379311752,0.5927722170190485,0.9888050049921887,0.8872173449501951,0.6151170932499894,0.8180104282708647,0.627412141476815,0.3039126276397749,0.8649894752151482,0.9554055728256291,0.7196489607803286,0.9533637368437773
37,0.8021904749101363,0.9616694936691415,0.9757150466581468,0.8629436508984605,0.9999999999999964,0.9885086131874248,0.7216935622340602,0.9843907807453277,0.9325596678773826,0.8526282891450647,0.9117256620520452,0.9861350209847208,0.9833309213155289,0.7902592918144936,0.9422512814989853,0.763692485854853,0.9620473222480095,0.9130071874427964,0.963224804881835,0.8787454366827232,0.9343478115071233,0.9437050187395872,0.9938669116523099,0.8868399853832011,0.9617496078544959,0.9228422547571387,0.9930154461018335,0.9344731726675205,0.828068086301999,0.961520723812317,0.9347239469952545,0.9702645207700358,0.9049588249751461,0.9513629806641719,0.9444362909783073,0.9933584720160005,0.9126244410086989,0.9208605634976903,0.9156732581624915,0.7774742245444446,0.891064643054525,0.9822396621451529,0.9186765841795597,0.953409317004756,0.8193750151161471,0.9644738094350411,0.9490394983962345,0.848147913299019,0.8337156689535935,0.9470369295182129,0.9705517374633622,0.7714082347284946,0.8811312389503468,0.8210925795597077,0.8071641989226052,0.641130794771402,0.579017555266868,0.7564279473719168,0.8402670420364563,0.9053941606405693,0.8002937352938733,0.8233442290495655,0.9467819146223804,0.7542854378965149,0.8884403633124317,0.8874834588190768,0.9127268495799374,0.8115382827672148,0.8672648102873061,0.5736461579280314,0.832344353476657,0.6417482881930691,0.5869808726494484,0.9139101052555167,0.8130393267125733,0.9123413281887294
50,0.7337871027035257,0.9306515846611187,0.9468373979910442,0.8082110472333683,0.9885086131874248,0.9999999999999956,0.6673198982772817,0.9876438483481873,0.9331158772642599,0.8061678014627871,0.8870024672443735,0.9675071061081458,0.9639320460861786,0.7244772673793215,0.9562391403631342,0.7038580759404556,0.9325532403516692,0.8773108628716089,0.9278922248619751,0.8360738579866864,0.9236401673656556,0.9162037143340395,0.9913432403524486,0.8578857887105347,0.9515268719266562,0.8988816222522599,0.9944667166536757,0.8991715433388544,0.7846667584921067,0.956219596947718,0.8840340417471979,0.9353573861950571,0.8544980327498258,0.9152509876346756,0.9118870956738653,0.9893509548203285,0.8791222264362348,0.8953401626867159,0.947767139620503,0.7355764362809952,0.8638219197639434,0.9548993529094285,0.8697926789149747,0.9195073877711761,0.7517448474748613,0.9286395467767807,0.9086860831833976,0.7812684406939409,0.792350834630331,0.9138610100761567,0.9725875422726403,0.7319762941499639,0.8648624450985498,0.8651629285477084,0.7568186368374167,0.6979773821098814,0.536227643227351,0.7141758622044447,0.8374570915445088,0.8580396731934166,0.723056550764752,0.8140902927142604,0.9001058178659034,0.6858467465391413,0.8349581732468018,0.9098969210837003,0.8677205911516583,0.7885024120637322,0.9110309736048294,0.5366946663183754,0.8555674022946512,0.6913930739460306,0.5279109338343873,0.8697332552570646,0.7890143172724509,0.8593123239516768
53,0.9188582164132985,0.6504080032330668,0.7822899597539777,0.9533340055567577,0.7216935622340602,0.6673198982772817,0.9999999999999964,0.7044958036567857,0.6640145712211792,0.972545819789383,0.7478752386853096,0.6901375518845055,0.6697096998316449,0.9703528628589985,0.4981251405691505,0.9639479567282286,0.7857261218330549,0.8122773036232329,0.7542687173415562,0.9051497288448945,0.58328718235255,0.8984756050559812,0.6943935630419068,0.9384740360535372,0.8065165480880001,0.7936255362125277,0.7031720269746203,0.8712272859024547,0.9792604130642862,0.5586148271742251,0.848935545495593,0.7105884360037963,0.8713818690455905,0.8675727017918066,0.8567554005650665,0.7058700871812045,0.8823446028893349,0.7958593626864134,0.47128737500191076,0.9431857401197785,0.889782979117237,0.8169140327150092,0.787260381779092,0.6488993431473605,0.9342230751722593,0.6904449996324806,0.7893918182410747,0.9254507247591686,0.6682721092944988,0.7636881324618204,0.6448366278721344,0.9824760624347554,0.9004724047830197,0.3525710254791648,0.9527615282386226,0.15640762797915575,0.9547100233574344,0.9385436993593105,0.535780648174304,0.8694230925739167,0.8408276524167307,0.3913542580732367,0.8095477769775474,0.9190025741388643,0.9298477846286864,0.4042995336138278,0.9265363197420724,0.9027511743243872,0.49776250997101423,0.930348428167123,0.47659314753265497,0.1490382677411992,0.9595203218531206,0.8790104483976151,0.6136630364256721,0.837305412843737
55,0.7385474975145988,0.9153678002825049,0.9592948832003397,0.828546730512435,0.9843907807453277,0.9876438483481873,0.7044958036567857,0.9999999999999978,0.9614050587588601,0.8377817058657725,0.8574005822124523,0.9492176941688295,0.9560358693513584,0.7525541313622605,0.9226760494591116,0.7539911196635197,0.950150392747132,0.9186135794574094,0.9249098639236571,0.8354711668241626,0.8827135395314522,0.9351099904016857,0.9835844417086702,0.8802466240521803,0.9750974492194696,0.9387852581437536,0.9949798683602912,0.9001270102375343,0.8074951229420092,0.9304062587127948,0.8835974328993195,0.9294933845244162,0.88452473900964,0.938461160521226,0.9421188105714273,0.9944619815911164,0.8778142149969483,0.876029909512017,0.9142178629600903,0.794819285583362,0.9032709687175604,0.9674144848760139,0.8822485086027118,0.9142927035868219,0.7695807835018948,0.9165805833904749,0.8916976351551196,0.8086065124947208,0.8337334228089394,0.9305607785712214,0.9460812990322794,0.7723243506686627,0.9018537563426084,0.819246198127865,0.7679006239700702,0.6338416716058142,0.5790664438013432,0.7657242095899623,0.8809162036521873,0.8715942457864403,0.7370777232493942,0.7513101079696087,0.9146456140694776,0.7327668611609831,0.8520434121259418,0.8621634245674525,0.8907296408311666,0.8484182827059907,0.9195892128307275,0.5748685252805821,0.7952101410121036,0.6357779772716857,0.558348910560862,0.8974144752609151,0.8405011528806235,0.8644243948866923
57,0.6727074312406204,0.8807084819812222,0.9511254472426574,0.7818456304559503,0.9325596678773826,0.9331158772642599,0.6640145712211792,0.9614050587588601,0.999999999999996,0.8008304511239746,0.7247902037973728,0.8850075725349993,0.9308102759737932,0.728040364064955,0.8535918074797352,0.7656854715734996,0.9588583779890423,0.9452444276535379,0.9152454197443592,0.7358441013898221,0.7716996387587168,0.8905236408762239,0.9121246044166456,0.8081058123199069,0.963608400899853,0.9733355748275372,0.9395767412296802,0.8037539297836065,0.7483982936559102,0.8725568311977168,0.8342634614574024,0.9018020650451667,0.8973695416102622,0.9234083068175796,0.9406051462382471,0.9643201898556591,0.7721437226240395,0.7491267180442166,0.8241263113681353,0.8078144593947852,0.9176334696265095,0.929380927506836,0.8991655818686319,0.903106330159908,0.7415088532842289,0.8721750406067281,0.8139618061622426,0.7961895342340021,0.9244320091160232,0.9531724372991599,0.8536272568499346,0.7264151480389902,0.8659907163983213,0.7003754222436265,0.6729626699826234,0.5353007072035604,0.5325355081195075,0.7953713483336377,0.9283362869136612,0.8712669403809781,0.6608284921288629,0.6791726234867377,0.9046133052035943,0.761368568435703,0.8159843377611703,0.7864460523936119,0.8549414910146258,0.8411771668961527,0.9291591027622413,0.4922091473689799,0.6420191822885487,0.5556629452562722,0.5014723069026619,0.9064380287897015,0.9301226052069805,0.851926930755657
59,0.9361206099753024,0.7873934521201555,0.8993807886126268,0.9878038942743015,0.8526282891450647,0.8061678014627871,0.972545819789383,0.8377817058657725,0.8008304511239746,0.9999999999999962,0.8336948486643306,0.8218901221406336,0.8103721845213644,0.978095631396523,0.6542300384524267,0.9711821495427895,0.9004777982378654,0.9117202420401418,0.8730170256988133,0.9464536931698386,0.7158710784422156,0.9736346506061242,0.8275988111503442,0.9799812188557956,0.914583542117934,0.8991544116514882,0.8360795552986696,0.9421570587582991,0.9916730909027441,0.7107699574649156,0.9312477748553158,0.8388718146741538,0.9495758402915331,0.9569869671293909,0.9491007606180558,0.842011388887341,0.9415793275218771,0.8747224633534063,0.6222850965597692,0.9614832338275392,0.9585898507550903,0.9248842670226232,0.8902196041953758,0.7870708004012561,0.9603498884271336,0.8183622397626346,0.885958268905959,0.9666444526494288,0.782543086201363,0.8809619117311176,0.775709987010527,0.9798269439872049,0.955917826539059,0.4945640982267308,0.9589007877084957,0.27810709101099657,0.8849107210548617,0.9505721410967463,0.6782471900403976,0.9465638624215957,0.8760747844039011,0.5323444078667832,0.9117952532009119,0.9374630264773783,0.9781977744941552,0.5591502700124207,0.9866543157725217,0.9418866460730924,0.6422195368200759,0.8605805298865595,0.5934753211209812,0.27399017324500824,0.886090376688197,0.9563874583362781,0.7368410903695425,0.9220045904640439
63,0.8788230088023102,0.8821739031485196,0.8618060202060629,0.8723602183798067,0.9117256620520452,0.8870024672443735,0.7478752386853096,0.8574005822124523,0.7247902037973728,0.8336948486643306,0.9999999999999971,0.9352237075513455,0.8753027524294427,0.7947459258516696,0.8538920745370755,0.7058699964353756,0.8301261192861423,0.7593380787849581,0.8685092983900975,0.9523776167612708,0.9467488818296064,0.8915676204098967,0.924129046126453,0.8881673343140118,0.8316176832265847,0.753305407944455,0.8959067763076906,0.9627492493740287,0.8516041890447448,0.8766770943474416,0.9232629174507883,0.8871053405410948,0.805087009224014,0.8613468410169609,0.8302023929731452,0.8693758381778506,0.9651527166366138,0.9951234847308253,0.839785453925563,0.6846153980443854,0.7712800284648352,0.9010585161167044,0.8100836090512747,0.8449456607151722,0.8255064052317762,0.9053627127992278,0.965068643977189,0.81709532734238,0.6244540528024078,0.801102332774901,0.9405910709984078,0.7707238840648525,0.8111368025064757,0.7777667489839939,0.8968847882113411,0.5885538960903831,0.6179570266614937,0.6646595452119204,0.6032200125659496,0.832962402565612,0.8767058547985944,0.8024907428824587,0.8586169728784749,0.6894742035315383,0.861594760878678,0.8088006735172281,0.8750891744653687,0.7076125764325228,0.6666129892438245,0.6593997938419647,0.9048973045601906,0.5664267313756589,0.6707773930476554,0.8132822809120558,0.5729536328175554,0.8587354942973148
67,0.8203186256607261,0.9855264043638972,0.961862010625003,0.855266296421758,0.9861350209847208,0.9675071061081458,0.6901375518845055,0.9492176941688295,0.8850075725349993,0.8218901221406336,0.9352237075513455,0.9999999999999964,0.9882225461008693,0.7796473890634168,0.9535737243134924,0.7281675064606764,0.9425259167294618,0.8757937573316406,0.9679342528453777,0.8813748632773346,0.9688501506049835,0.9127617863435252,0.9830375060030645,0.8526016097368575,0.9196791746892864,0.8789701742785415,0.9705053419721938,0.9288105265471062,0.8015266577831816,0.9797999436013969,0.947562744824814,0.9844960515777159,0.8868012405927875,0.9268741190122498,0.9116089244427444,0.9698886687209116,0.9075214443938465,0.9311207175785179,0.9129133217760255,0.7164684741029191,0.8431565390219432,0.9649113530590545,0.918777622885548,0.9714058272319631,0.823514960737415,0.9885738985015525,0.9724573037352918,0.8431037004093564,0.8100380635751907,0.9292430796527438,0.9773111424318693,0.7297131744166815,0.8206422798312167,0.8252059302674208,0.8018977575906587,0.6655980761273476,0.5269195953545313,0.7021303251708704,0.787959115745082,0.8991637697451405,0.8251663111030803,0.8885272790765655,0.9461613272173051,0.737248006823394,0.8687111147612454,0.9090739556654981,0.8932038884211204,0.7399129855485813,0.8121705360210155,0.529032905846536,0.8580522266386537,0.6715361490783006,0.5579123050829883,0.8900253261754515,0.7682516717096988,0.921787108935779
69,0.786777763390029,0.9909522031260528,0.9786537490550716,0.8375770260563831,0.9833309213155289,0.9639320460861786,0.6697096998316449,0.9560358693513584,0.9308102759737932,0.8103721845213644,0.8753027524294427,0.9882225461008693,0.9999999999999962,0.7702992961086924,0.9464131718777823,0.7399202849079458,0.9675935429955088,0.9100598551090476,0.9820766516677589,0.834790096841301,0.9306819734138306,0.9039874870139677,0.9704483116700661,0.8251144494909199,0.9342928916818474,0.9171456288296864,0.9669439051462008,0.8910068923156786,0.7750725735455475,0.9772637761041888,0.9342948938229403,0.9922145610901865,0.9082567862227532,0.936014177233938,0.9289117935149486,0.9799129176835012,0.8620045976210027,0.8751744607358456,0.8947420579499877,0.7319846530545857,0.8638690796188697,0.9654966680252373,0.9450581661524267,0.9905196975564269,0.8135787226326546,0.9870512487132153,0.9448010038887289,0.8453343981309064,0.8783173217282866,0.9619719701728857,0.9505295024024778,0.7107660673175495,0.8158620006476436,0.7919166838605521,0.7541412350265427,0.6411216429945226,0.501073752228078,0.7222844083859229,0.8447439610551083,0.9108587751045296,0.791951329572924,0.871230169025201,0.9595976628222107,0.7581806011179892,0.8598880269456309,0.8982858559517334,0.8865260896285302,0.7496539151724797,0.8445974911554341,0.4849428660243132,0.7919163003790782,0.6593843731808324,0.5235295897145866,0.909045363889307,0.8395171848667105,0.9281161365719087
74,0.9654586279997271,0.7667089105119667,0.8628488278637019,0.9858483616202189,0.7902592918144936,0.7244772673793215,0.9703528628589985,0.7525541313622605,0.728040364064955,0.978095631396523,0.7947459258516696,0.7796473890634168,0.7702992961086924,0.9999999999999958,0.5852069106254625,0.9766445195040563,0.866013282173755,0.8757519818993915,0.8561317907742011,0.9248142051758839,0.6705805324957611,0.9237145737457663,0.7547530120108005,0.927383721413869,0.8470232506119556,0.8501805161405497,0.7570622670951719,0.9030296444564793,0.9684843849188707,0.6597595710235402,0.9290560111481403,0.8184083912079053,0.942150317383134,0.9227550181862846,0.9086182316588719,0.7715489856563892,0.9015780246661459,0.8298268159064449,0.5312338904187645,0.9272944647418039,0.9137781389891521,0.8785034800685153,0.8915878589308563,0.7689688575813137,0.9905927668177659,0.8004663345743535,0.8712771601270015,0.9861140788526355,0.7745369657174949,0.8551122833939856,0.7091588260584741,0.9477276515684719,0.8800338021209512,0.40184734669516037,0.9475656808002643,0.2093479008600145,0.8641169762760352,0.9312135830675415,0.6050425642230666,0.9460381115988633,0.9003754938950055,0.5154996788973406,0.901621013432062,0.9677829278119049,0.9695153196819791,0.4928815524329097,0.9645890471282269,0.8728455098681535,0.5347386894833634,0.825768417510054,0.5184661860882593,0.2113300443869946,0.8982257471847915,0.9402196439279769,0.6988502048656077,0.9314008353461133
77,0.634090856460194,0.9350343137081251,0.8742599904214483,0.6827075166592707,0.9422512814989853,0.9562391403631342,0.4981251405691505,0.9226760494591116,0.8535918074797352,0.6542300384524267,0.8538920745370755,0.9535737243134924,0.9464131718777823,0.5852069106254625,0.9999999999999976,0.5423197092450088,0.8500752365890349,0.7684666275269424,0.8768983542771125,0.7340068947487457,0.9599717205051781,0.7915315792980916,0.9561864635560753,0.7138829632169813,0.840587895742133,0.7853153943860854,0.9429581308900016,0.8097063616288828,0.6307008429396346,0.9890030937695861,0.812797335441028,0.9124421397890546,0.7438136379419329,0.8065179880042544,0.7970377582492065,0.9352171049508623,0.7825764951177295,0.8383205507021754,0.9827356469899021,0.5567775019894031,0.7136628785065466,0.8734513309750759,0.7987918944251414,0.9169272759048315,0.6350358022949442,0.9213931212375075,0.8671041728848911,0.6645869566041471,0.7190083629160158,0.8369723887650956,0.9616534568226698,0.5595778736037157,0.7046184634207914,0.9381957991022353,0.6296232505373314,0.8400137313762399,0.35228453604494536,0.5339732755054487,0.7905024811096006,0.7541958145989026,0.6594447935698514,0.92196938341692,0.8295002567307983,0.5480786622928795,0.7089113511569588,0.9880526040296574,0.7442671359378011,0.6119605574415696,0.860687895929178,0.3642982538155403,0.896231135334292,0.8454949767076163,0.3654946794809166,0.7505613894692746,0.7118870661193166,0.7814069236580583
81,0.8951026465340638,0.7178319477360514,0.8525820132569665,0.9529680247028526,0.763692485854853,0.7038580759404556,0.9639479567282286,0.7539911196635197,0.7656854715734996,0.9711821495427895,0.7058699964353756,0.7281675064606764,0.7399202849079458,0.9766445195040563,0.5423197092450088,0.9999999999999976,0.8663745678773462,0.904346745694449,0.8252197464241233,0.8600995270945585,0.591741514525559,0.9130262046748414,0.7233835098104215,0.9105725591070605,0.861388654444989,0.8864623100294069,0.7407242024446258,0.8497458225999988,0.9460524134289353,0.6131956628953311,0.8757166324746591,0.7782263912879038,0.9440440883819202,0.9187198631340744,0.9189952508875533,0.7636892700518595,0.843368275713679,0.7526477870305792,0.49466762930149644,0.9774656985870173,0.9450186607637,0.8610877154605622,0.8756982531387442,0.7344312672615663,0.9506897121074549,0.7477236223202783,0.7997984501872897,0.9643703122378425,0.8155085078256711,0.857326674620688,0.6566582521601846,0.953610188733706,0.9025848143211074,0.3584643988086258,0.8904847590842777,0.17076718367389015,0.8777384383720211,0.9779599231469608,0.656683215587893,0.9274816089963138,0.8308641066698064,0.4325489094556528,0.8796518017926659,0.9817967232068172,0.9438285372303252,0.4436572555277773,0.9477301036004739,0.9269576560712546,0.5665967770801867,0.8201755000288428,0.43755691487401605,0.176607889139405,0.8758558903200462,0.9440066435507718,0.7609581052658652,0.8941080056546915
82,0.8343054148968799,0.9446733259103846,0.9976539351538393,0.9060761777373513,0.9620473222480095,0.9325532403516692,0.7857261218330549,0.950150392747132,0.9588583779890423,0.9004777982378654,0.8301261192861423,0.9425259167294618,0.9675935429955088,0.866013282173755,0.8500752365890349,0.8663745678773462,0.999999999999996,0.977865534186272,0.985438008437369,0.8600482028550229,0.836684702097514,0.9555576564606686,0.9342828412463724,0.8878218468647897,0.9774303888288152,0.9826608216723115,0.9457396804283034,0.9041697835744521,0.8587445020185818,0.8965550209446633,0.9505513239938738,0.9697632246894974,0.9774735975065185,0.9866937156664173,0.987854985357,0.9689815125110149,0.8778478099365052,0.8502372925112716,0.7960869412316766,0.8635721591839047,0.9558835107370443,0.9837303558511955,0.9806640785339187,0.9569492796759298,0.8875424962712273,0.9485721346482469,0.9250126808479491,0.9222482827471471,0.9390298796648748,0.9958609730150072,0.8875179946338594,0.8200341980204441,0.896102067692529,0.6637338105693351,0.809415513389299,0.4812745423103746,0.6319040487029123,0.8588553291117963,0.862476134092071,0.9689851030668871,0.8106251168755747,0.738562310399012,0.9861662075072649,0.8743986952247338,0.9267440537857543,0.7750210560836335,0.9497682154596171,0.8634631626029061,0.8269981567591633,0.5923437474091532,0.6772106078695348,0.49843538198424947,0.6362608494672429,0.9794268719760759,0.9007919578718543,0.9631053485156955
83,0.8055706893887079,0.8805689437338976,0.967128728125049,0.9006546883308131,0.9130071874427964,0.8773108628716089,0.8122773036232329,0.9186135794574094,0.9452444276535379,0.9117202420401418,0.7593380787849581,0.8757937573316406,0.9100598551090476,0.8757519818993915,0.7684666275269424,0.904346745694449,0.977865534186272,0.999999999999996,0.9408317407349505,0.8208290173260873,0.7535512244198306,0.9440531514093728,0.8808144765641207,0.880632820497283,0.9689994653102997,0.9876269299868167,0.8985120155141093,0.8756390672719616,0.8583986909376365,0.8217773888185984,0.9113916056867952,0.9180416130111423,0.9777274863974875,0.9762379955331093,0.9864720718333803,0.9278993897928018,0.8462640814112862,0.793492982209056,0.7144062682560388,0.9136604197977134,0.9658825743259517,0.9599308914386164,0.961149785448531,0.8997493133371358,0.8810429460095299,0.8862427515780453,0.8664327159846574,0.9214038589852006,0.9458630395930591,0.978008915641136,0.8038312561338408,0.8558142219220393,0.9032032455934144,0.5799886429810054,0.7944624491373643,0.39151075939965996,0.6777639592979422,0.890066874189289,0.8954781461761131,0.9586713460152076,0.7745786210638369,0.6352334165912287,0.9631429264796796,0.8997359330708216,0.9201798198977688,0.6776014037429614,0.9476320218005801,0.9147000727281798,0.7768519867871748,0.6301160999377466,0.5742978791244165,0.4131311724046069,0.6537573331114389,0.974289279937892,0.9409232973804442,0.9379986536679226
84,0.8573763897282363,0.9779751158418852,0.9897740864404806,0.9005168944776113,0.963224804881835,0.9278922248619751,0.7542687173415562,0.9249098639236571,0.9152454197443592,0.8730170256988133,0.8685092983900975,0.9679342528453777,0.9820766516677589,0.8561317907742011,0.8768983542771125,0.8252197464241233,0.985438008437369,0.9408317407349505,0.9999999999999949,0.8712640044085753,0.8866779254515522,0.933230837171759,0.9364514464505826,0.8608818503304585,0.941783053772404,0.9377052378029138,0.9347508907203044,0.9114767511332721,0.8378936049163372,0.9273260090541479,0.9709913741570493,0.992190938856037,0.9597127274483875,0.9674190582155056,0.9583936765121236,0.955889919885983,0.8852499277516387,0.8757342378619456,0.8105022413489811,0.7995130740592823,0.9073853248105541,0.9747464673698868,0.9858387332676435,0.9807894632625386,0.8934548720331468,0.980447092124109,0.9599246714654531,0.9175154611349358,0.9084243221469847,0.9849791943960879,0.907317690239178,0.7777712261544927,0.8431458449462415,0.6872856252592273,0.8106235394512267,0.5206985437018311,0.5837529260941667,0.7998756227158554,0.8146662103880526,0.967403059731004,0.8359533501014236,0.8183642391399162,0.9889256768673228,0.8463756571125937,0.920406749650036,0.8135613677947952,0.9351367129193667,0.7907226458465559,0.780955815209715,0.5508168810050246,0.722021157054848,0.5377012804209799,0.6132392355926282,0.9579608095156783,0.8509230604583411,0.9783016882990487
85,0.9638358644222165,0.8311256644515888,0.8789436744791425,0.9663673713169696,0.8787454366827232,0.8360738579866864,0.9051497288448945,0.8354711668241626,0.7358441013898221,0.9464536931698386,0.9523776167612708,0.8813748632773346,0.834790096841301,0.9248142051758839,0.7340068947487457,0.8600995270945585,0.8600482028550229,0.8208290173260873,0.8712640044085753,0.9999999999999969,0.8338985435772807,0.948323652699758,0.8731278088926838,0.9670726237088676,0.8657108115265865,0.8135950490881945,0.860499580181679,0.9814295571566148,0.9641258545186758,0.7794271358190838,0.9522319044477476,0.8624212339284689,0.8840395527199574,0.9161981868414176,0.8902633730253257,0.8452072081508595,0.9901157884369074,0.9701007853528325,0.7118184381119078,0.8320248281016779,0.8689368089807726,0.9163858645727121,0.8492671684130509,0.8092589329649411,0.9305540005382322,0.8659860858256768,0.9499058584869362,0.9202894110422521,0.6796126181397363,0.830387314963011,0.8657390136593996,0.9057565804533265,0.898267939028327,0.610961029126922,0.9849402811346286,0.3925002878865327,0.796213892283446,0.8236182617301488,0.5907857654696375,0.8996522374493875,0.9328329277848929,0.652537054153841,0.8904084543476264,0.8356230727479791,0.945323058614729,0.6608482081488702,0.9515548523810622,0.8256185567067461,0.6271902702632378,0.8154627882158095,0.7590320430235132,0.37641227246005143,0.8442793186519266,0.8932914673774386,0.6122702477288887,0.9039701346211405
93,0.7525285672416316,0.9433028329655045,0.8687522060302872,0.763431975916669,0.9343478115071233,0.9236401673656556,0.58328718235255,0.8827135395314522,0.7716996387587168,0.7158710784422156,0.9467488818296064,0.9688501506049835,0.9306819734138306,0.6705805324957611,0.9599717205051781,0.591741514525559,0.836684702097514,0.7535512244198306,0.8866779254515522,0.8338985435772807,0.9999999999999971,0.8225464169610333,0.9491079625595119,0.7712112147138415,0.8181366567904744,0.7486386589831873,0.9186150722921019,0.8872406347636087,0.7093285676516621,0.9698012908848764,0.8790919054767664,0.9247338211814147,0.7654951183536508,0.8231455762512738,0.7987937457987471,0.9016642507113619,0.8695323059752794,0.9266678979530176,0.9317698112721803,0.5780332786994926,0.7095846909166289,0.8873717078867985,0.8139057279847347,0.9097640914243899,0.7240217432227373,0.9450133155651278,0.9379333709886593,0.7324703465821638,0.6673336054591742,0.8205347340003176,0.9667646725657678,0.6265941680405294,0.7147991196454501,0.8904543264871716,0.7435058268555981,0.7628246780606808,0.4295697049193428,0.5525331464118524,0.6971428780542892,0.7916021448447715,0.7747494777969767,0.9357523611941978,0.8532710971217946,0.5963712609466559,0.7734166014849998,0.9400301426984327,0.7969032404818531,0.6159818082566297,0.7343983285465309,0.4580544775903139,0.930877842151448,0.758157410400671,0.46969517693610874,0.7681317917502929,0.6369642173494677,0.8302680472968382
98,0.8992493059925765,0.8744417332652676,0.9598304473049154,0.9647199935718521,0.9437050187395872,0.9162037143340395,0.8984756050559812,0.9351099904016857,0.8905236408762239,0.9736346506061242,0.8915676204098967,0.9127617863435252,0.9039874870139677,0.9237145737457663,0.7915315792980916,0.9130262046748414,0.9555576564606686,0.9440531514093728,0.933230837171759,0.948323652699758,0.8225464169610333,0.9999999999999964,0.9278989496539783,0.9818173115415877,0.9740480141485623,0.9441573502096307,0.9353351893210419,0.9706890006661628,0.9593546503868712,0.8310408437244488,0.9553241839014852,0.9123246765181681,0.958347045120835,0.9874915042484214,0.9816681245929134,0.9376198754286973,0.962780089342539,0.9234089596437871,0.7672796977841829,0.9224826793856298,0.9702822138042924,0.9806802220537915,0.9234031349664231,0.8707915041220741,0.9216429820373139,0.8949419303430376,0.9342134851724538,0.9390674678285968,0.8234051098646838,0.934966500871506,0.8829995245333168,0.9315856208987369,0.9717300550481268,0.6461673269214278,0.9254177277994855,0.42598334404337684,0.7886656694402158,0.905532143688908,0.7726540530397693,0.9566788228858143,0.8570100929110034,0.6514658080504074,0.949025696558229,0.8820079611292594,0.9688444552479618,0.706141173948222,0.988521372089802,0.9326332336558973,0.772581046033889,0.7742305354374331,0.7138773798708583,0.4207146944026589,0.7836445014454767,0.968801097207079,0.7933791777829751,0.9396479129918374
99,0.7793338024746888,0.9469609325825553,0.9529086696249816,0.8395843726234684,0.9938669116523099,0.9913432403524486,0.6943935630419068,0.9835844417086702,0.9121246044166456,0.8275988111503442,0.924129046126453,0.9830375060030645,0.9704483116700661,0.7547530120108005,0.9561864635560753,0.7233835098104215,0.9342828412463724,0.8808144765641207,0.9364514464505826,0.8731278088926838,0.9491079625595119,0.9278989496539783,0.9999999999999989,0.877293164523232,0.9445190036744469,0.8928121646892317,0.9951006057032641,0.9299948077037498,0.8089486508728094,0.9650258367134716,0.9127590321353045,0.9517475444029969,0.868379140446926,0.9259408136593573,0.9177861877295916,0.9871621960152493,0.9115458791774643,0.9301866140439843,0.9431860653987837,0.742555180357291,0.8607692476954772,0.9671749344110863,0.8816857773232504,0.9336602820908151,0.7829922708570113,0.9504088371489715,0.9397236941889439,0.8106455182256109,0.7869254104817602,0.9131607636362579,0.9821051039406391,0.752474942677392,0.8685659970914028,0.8631417864218149,0.7973132739841903,0.6864075105600307,0.5551585123783317,0.715627863061353,0.822724801698836,0.8707537113490025,0.7858079344610672,0.8291352941522184,0.9174291451358694,0.7095499168980447,0.8543244187298393,0.9067831877818883,0.8891153159213031,0.7901408316200824,0.8721542064638165,0.5660553674581683,0.872506143434423,0.6841932675529977,0.5604497906086872,0.8780169847179767,0.774408148373337,0.8796054494541202
104,0.9087165515593948,0.7949159218573237,0.8959205770656434,0.9635347078185962,0.8868399853832011,0.8578857887105347,0.9384740360535372,0.8802466240521803,0.8081058123199069,0.9799812188557956,0.8881673343140118,0.8526016097368575,0.8251144494909199,0.927383721413869,0.7138829632169813,0.9105725591070605,0.8878218468647897,0.880632820497283,0.8608818503304585,0.9670726237088676,0.7712112147138415,0.9818173115415877,0.877293164523232,0.9999999999999991,0.926493760899469,0.8815920651977757,0.8840388185236937,0.9671983063969827,0.9846179259123925,0.7507980463061418,0.9197172327730624,0.8386106630634339,0.909079949773932,0.9459246887023689,0.9356658029582362,0.8733836639486202,0.972073855074234,0.9255314244140298,0.7060905236412301,0.92308597254314,0.9401502653195647,0.9340815322505965,0.8495670941117701,0.7841231343246817,0.9121362842479824,0.8263039356598524,0.8984171398819444,0.9174648616749896,0.7270698503644417,0.8572412340821068,0.8409042875962567,0.9629645741689169,0.9744495411079276,0.5939142387233048,0.9640208876048069,0.36231684499126826,0.8629260163334979,0.9038998921409681,0.6745764461057404,0.9073167382912989,0.8613683144327723,0.5662546913325537,0.8893857502673597,0.8619583858680461,0.9555172140953543,0.626808732611223,0.9700617165350498,0.9344334853873725,0.7022673826892684,0.8662689783349936,0.6961337219425304,0.3463795798276191,0.8574953852362458,0.924784289095205,0.6937345604515766,0.8859726079642702
106,0.7995690225078222,0.8931763393838561,0.9760646893732845,0.8965752271947786,0.9617496078544959,0.9515268719266562,0.8065165480880001,0.9750974492194696,0.963608400899853,0.914583542117934,0.8316176832265847,0.9196791746892864,0.9342928916818474,0.8470232506119556,0.840587895742133,0.861388654444989,0.9774303888288152,0.9689994653102997,0.941783053772404,0.8657108115265865,0.8181366567904744,0.9740480141485623,0.9445190036744469,0.926493760899469,0.9999999999999949,0.9803884455048117,0.9636014106881982,0.9164246247199238,0.8806505881980928,0.8688169203036389,0.9150802186095817,0.9239660299909223,0.9477219225389987,0.9801558901799823,0.9861729144619296,0.9736818612633177,0.8963357039719051,0.8624715539406661,0.8162081491930354,0.8929938303120365,0.9711356186537449,0.9811190923055041,0.9266542749652935,0.8984717942033191,0.8532520532679413,0.900598336560187,0.894191912180062,0.88627892621478,0.8825062158818557,0.9627302950298396,0.8914134722019661,0.8629308147413606,0.9470574756629049,0.6940880807683889,0.8236671593149488,0.49312463936297046,0.6879736958141421,0.8730632182942732,0.8693873841311437,0.9362270636755343,0.7623508731297294,0.6761135316319137,0.9479217154262866,0.8379248862341336,0.9182706945282649,0.7601733403611219,0.9478362018109112,0.9223466331421023,0.8660765995311611,0.6610620565494869,0.6985458826339441,0.49624398602574843,0.6581383269334774,0.9594793617247487,0.8788701957428319,0.9151232452013758
107,0.7818570509683952,0.8763002010168769,0.9717995981680357,0.8812181519026867,0.9228422547571387,0.8988816222522599,0.7936255362125277,0.9387852581437536,0.9733355748275372,0.8991544116514882,0.753305407944455,0.8789701742785415,0.9171456288296864,0.8501805161405497,0.7853153943860854,0.8864623100294069,0.9826608216723115,0.9876269299868167,0.9377052378029138,0.8135950490881945,0.7486386589831873,0.9441573502096307,0.8928121646892317,0.8815920651977757,0.9803884455048117,0.9999999999999971,0.9184537140167237,0.859998256319609,0.8499544290852806,0.8284075798543865,0.896079496820071,0.9124109004235869,0.9668382180002643,0.9737020781885133,0.9864465722144955,0.945516582135329,0.8337125889548553,0.7861092640164128,0.7429483636531619,0.9076010332981285,0.9775794300239785,0.9572727582337525,0.9462053477872036,0.8992802138598993,0.8540866400126504,0.8809612494998329,0.8538194097163028,0.8995692668049514,0.9483497321039397,0.9766382682921795,0.8274764535524358,0.8368018912126415,0.9194026993752458,0.6034061745504007,0.7764376088200408,0.41362706737733906,0.662887717427352,0.8988692913623075,0.8863274736186951,0.9412049811180595,0.7546422784712052,0.6288797465283475,0.951117446059346,0.8818955523319327,0.902713797627163,0.7002486857795083,0.9328763115549732,0.9134733104772262,0.8424478343037289,0.6133968455211444,0.594897420344915,0.43165888476530156,0.6391000819591659,0.9719121071390661,0.931259337363669,0.917226966300364
109,0.7634287847438544,0.9344903102612732,0.9598865711765848,0.8374988765814921,0.9930154461018335,0.9944667166536757,0.7031720269746203,0.9949798683602912,0.9395767412296802,0.8360795552986696,0.8959067763076906,0.9705053419721938,0.9669439051462008,0.7570622670951719,0.9429581308900016,0.7407242024446258,0.9457396804283034,0.8985120155141093,0.9347508907203044,0.860499580181679,0.9186150722921019,0.9353351893210419,0.9951006057032641,0.8840388185236937,0.9636014106881982,0.9184537140167237,0.999999999999998,0.9177601604819957,0.8132753477956404,0.9502907729454728,0.9020593335069935,0.9434382763155343,0.8787856020788504,0.9354749052202227,0.9325159484176065,0.9945037430585935,0.8985291508886591,0.9077624396869001,0.933568507699322,0.7701466231014922,0.886968189190772,0.9697233664060309,0.8832525625938934,0.9265719694033704,0.7805739241317482,0.9372600750185073,0.9199134330094165,0.8129160502488983,0.81154714721059,0.924144846088432,0.9718774630969605,0.7643500714102206,0.8891090162011287,0.8436970083726184,0.787249389067413,0.662581420021197,0.5711364213675937,0.746094213299456,0.8432486325228722,0.8738606554198877,0.7631884863657229,0.7930846557747918,0.9187696765750688,0.7244261599902867,0.8574874059703503,0.8887391661452888,0.8921358867081052,0.8194454780197752,0.9040420985503186,0.573214278922582,0.8411414329575909,0.6605944422364152,0.5647906770711929,0.8915022759519778,0.8024347961671352,0.8747063490921319
