A,23,32,35,36,37,50,53,55,57,59,63,67,69,74,77,81,82,83,84,85,93,98,99,104,106,107,109,113,114,115,117,165,166,198,199,233,234,240,241,249,251,252,254,256,261,262,263,302,306,317,325,334,335,336,337,342,345,346,351,353,354,365,380,383,404,406,411,416,419,420,421,424,425,426,428,435
23,0.9999999999999978,0.9996075830286827,0.9993855547886696,0.9998093145622581,0.9994559014942781,0.9989950266172833,0.9993365402989154,0.9993988771767264,0.9988715291173424,0.9992607187598163,0.9995255302438254,0.999622381166331,0.9995148802815572,0.9996798857338085,0.9995153441493765,0.999600964745168,0.9997571615748496,0.9995399716632128,0.9994780290822483,0.9997908576922238,0.9996568378693089,0.9996793917515481,0.9995630778967792,0.9995008948098253,0.9991814741196836,0.9991608340794844,0.9992905153523655,0.9992473585819852,0.9994541708181288,0.9994070549796465,0.9997111421566969,0.9994322011039543,0.9993421238959601,0.9997272460198057,0.9998079589328968,0.9995094898434238,0.9996167959465754,0.9998704087246658,0.9997350680642518,0.9995556725164625,0.9998004198777962,0.9997972253739731,0.9998322131555015,0.999869893270026,0.99985386991508,0.9996455125712901,0.9997276975032114,0.9995258492213228,0.9994398821351584,0.9993638024580633,0.9992811916312689,0.9993189655884869,0.9994012017599043,0.9994753150849376,0.999752937828303,0.9992952958319619,0.9993956415281218,0.9996276063122115,0.999278414959738,0.999079286630445,0.9995696692240714,0.999589556226701,0.9986146651291052,0.9988628473639123,0.9989154239804034,0.9985477921535,0.998933569593885,0.9987921413883796,0.9984304513959402,0.9991356579884999,0.9989215438852472,0.9995056238263391,0.9998220559370534,0.9997789594529024,0.9994521394982794,0.9996943695588941
32,0.9996075830286827,0.9999999999999977,0.9990680528344074,0.9992783767764104,0.9997914409106854,0.9994491065977116,0.9988645753034059,0.9993392868398597,0.9994198557378623,0.9987809796788001,0.9993074269906144,0.999669911093156,0.9993480853849777,0.9995242905493336,0.99977677065378,0.9995153699779483,0.9995159849889272,0.9997721712635623,0.9994981791458715,0.9994002170523432,0.9997703847446362,0.9994342430962136,0.9997185751228972,0.9995232226004935,0.9994644153793277,0.9991766716722197,0.9991671072363579,0.9992311462712216,0.9991784997708218,0.999295612793956,0.9993610587959265,0.9998282890581287,0.9994289638551452,0.9993380854955203,0.9996743134509753,0.9997807536109125,0.9994754620525687,0.9995111645542187,0.999824398643173,0.9996589390173829,0.9995463191303253,0.9998072129736391,0.9997041222116454,0.9996126113493355,0.9996273341721753,0.9992706347939124,0.9995236366128317,0.9995516284483796,0.9994811764303362,0.9994311584221913,0.9991779772106286,0.9992839358225278,0.9992291276566627,0.9991923879838942,0.9997307474473163,0.9997556197560274,0.9992333660579171,0.9988518104683912,0.9996465952271717,0.9992560874820098,0.9987647667447053,0.999520098255002,0.998443909652692,0.9984479787841946,0.9989579458158757,0.9989035882878379,0.9987565938706691,0.9989628652973281,0.998611519265426,0.9984176857807141,0.9991359335432803,0.9995285629734447,0.9993541920314084,0.9997395573027519,0.9997456264201161,0.9994109310724746
35,0.9993855547886696,0.9990680528344074,0.9999999999999973,0.9990290030959357,0.9989630964003758,0.9990135835529113,0.9993131542569047,0.9984110857824848,0.9989705920142783,0.9992517704909569,0.9985549586992069,0.9992553648316116,0.9996301656262934,0.9989075418989811,0.9995363980682068,0.9993660729314866,0.9994656869606293,0.9991085695225519,0.9994967665922536,0.9993475336969055,0.9990510385351759,0.9997673431033219,0.9988495331998437,0.9994353761028281,0.9986057728238729,0.9990822232264778,0.9989510304725093,0.998944252884407,0.9990085586943493,0.9991154466259033,0.9991860737121064,0.9990706955487448,0.9994214501791556,0.9997433136634089,0.9991698127059466,0.9993921789319173,0.999483323021356,0.9993107399421094,0.9992877011592629,0.9996231028883549,0.9994979705073879,0.9992785999357614,0.9997166394291439,0.999637261552425,0.999583177530639,0.9996547007745031,0.9991229207640766,0.999428815277363,0.9992779321083458,0.9990812997719938,0.9993814054982186,0.9988018498855896,0.9991560166756027,0.9991996584658261,0.9988359649969963,0.9990630348170542,0.9995615085239928,0.999252729865759,0.99849587590519,0.9993999646775321,0.9992814832638592,0.9985200674450057,0.9994168318154593,0.9984907082502239,0.9982729996875603,0.9985693261219067,0.9986891589968978,0.9982806372888873,0.9988781341798969,0.9984984325775197,0.9978881883718393,0.9995083774378295,0.9994575053231696,0.9992159219601109,0.999541585158948,0.9995405711748997
36,0.9998093145622581,0.9992783767764104,0.9990290030959357,0.9999999999999974,0.9989915661584532,0.9987868402412834,0.999056173253553,0.9992164055719286,0.9984985411446963,0.9990788734797251,0.9991987221208718,0.9990102536047522,0.9993392017282802,0.9995247946686979,0.9989313508040714,0.9995463265462017,0.9993656417568748,0.9993655544588042,0.9991522400497548,0.9994977091451354,0.9993439389589863,0.9992552083142392,0.9995474059585738,0.998854756787505,0.99903215725808,0.9986283976942143,0.999041343085546,0.9989566742065052,0.998988844645526,0.9990153650127729,0.9993529727248698,0.9990915086076948,0.9990000027477115,0.999499820735263,0.999733830109095,0.9991442838197877,0.9993880035037197,0.999522556343913,0.9994228728573171,0.9993677347948927,0.9996007848363833,0.999446542619407,0.9994885846563043,0.9997543313429378,0.9996399469177834,0.9994534064507015,0.9997249108425272,0.9991637818563249,0.9994536003893786,0.9992261742775475,0.9990877286291662,0.999428486895071,0.9989695067738709,0.9993332260580717,0.999563714246008,0.9987100299803645,0.9991851681391396,0.9994604941750569,0.999167304376551,0.9986215723371092,0.999367551801436,0.9993551881081719,0.9982185218753574,0.9994102514563433,0.9984488898291003,0.9982549322886409,0.9989705602750341,0.9985430372526207,0.9983102489870992,0.999145044200003,0.998387624344123,0.9989656475676089,0.9996814367736053,0.9994587847931793,0.9991963716639558,0.9995261059979565
37,0.9994559014942781,0.9997914409106854,0.9989630964003758,0.9989915661584532,0.9999999999999978,0.9989409135567666,0.9987504525862076,0.9990447977983079,0.9992871621116429,0.9985111314776994,0.9991131379944016,0.9994879566744502,0.9989030080543689,0.999328751023455,0.9996212619720619,0.9989593408270481,0.9995221384350781,0.9993609043157405,0.9993822732938404,0.9991319582892222,0.9995086949290821,0.9993143331945695,0.9992178937212438,0.9995505842949478,0.998698395194042,0.9990623335375073,0.9986426507736279,0.9990333654605036,0.99895774817954,0.9989224901947071,0.999104918201862,0.9994136745252988,0.9990868582672188,0.9990586555785503,0.9994905629084605,0.9997330148638687,0.9991472876353092,0.9993652170023906,0.9995633077661961,0.9994332580167429,0.9993802036932681,0.9996109623723777,0.9994971702176543,0.99939676871557,0.9996355255852469,0.9992637191172434,0.9994326736718406,0.9996605082208972,0.9991715565889795,0.9994528933028377,0.9991431425258472,0.999131857636537,0.9994646245236014,0.9989377137881512,0.9996522664555128,0.9995390316172489,0.9987451051309206,0.9988438243667193,0.999464268791347,0.9992274397389742,0.998446176254591,0.9993912612372118,0.9985693933161774,0.9981431457320598,0.9994788350786656,0.9984591847191936,0.9985608750907156,0.9989562854402021,0.9984716512468279,0.9984310517060693,0.9991259909429981,0.9991996587685256,0.9989667895332126,0.9996585599167878,0.9994573396856442,0.9991916017699987
50,0.9989950266172833,0.9994491065977116,0.9990135835529113,0.9987868402412834,0.9989409135567666,0.9999999999999976,0.9987001135024639,0.9987493233427297,0.9989794014739624,0.9990663033675855,0.998569558842625,0.9990574164326484,0.9990254313927189,0.9989171750612655,0.9994390771519319,0.9995632121936291,0.9988145503269819,0.9995444639585138,0.9992359366648804,0.9992384335306006,0.9990567060426259,0.9990601195776877,0.9994201323634423,0.9991155130227514,0.9996162941549075,0.9986291117838363,0.9990559591220198,0.9985170196948069,0.9988732600424819,0.9987016438392711,0.9987027149894192,0.9992817556575901,0.9993940862373856,0.99904791109771,0.9989549331529369,0.9994228633322293,0.9996427494217839,0.9989418543045294,0.9992022469789428,0.9993756386721968,0.9993998850298655,0.9993766025139512,0.9993391178289882,0.9991360544283898,0.9990243012328273,0.9988455245151596,0.9990197874776752,0.9991303827512188,0.9995414744558142,0.9991345444019932,0.9991583807879585,0.9990722476743025,0.9988840628006187,0.9990479462484987,0.9990653984014961,0.9996485496793344,0.9993500441636636,0.997996746812909,0.9988684008710825,0.9993261867776622,0.998773692571586,0.9982968601885336,0.9978687981845115,0.9983177185938257,0.9982698651284009,0.9994203244331619,0.9985120337537635,0.9986224931680853,0.9986540031486422,0.9982840525770407,0.9984274377030415,0.9994444911298357,0.9988649392122295,0.9988172432868568,0.9995859158550577,0.999370536867164
53,0.9993365402989154,0.9988645753034059,0.9993131542569047,0.999056173253553,0.9987504525862076,0.9987001135024639,0.9999999999999978,0.9986071327366295,0.998728150519815,0.9989942345661178,0.9990915681320781,0.9987888353354815,0.99904046798509,0.9989393446344887,0.9990730057614594,0.9993794708550089,0.999611168925596,0.9987452286835852,0.999526841621412,0.9992463008062022,0.9991925828699924,0.999096314485204,0.9989103512584212,0.9993940500052155,0.9987688365248916,0.9995680499915054,0.998638939844417,0.9990457864045419,0.998509061076183,0.9988848707460734,0.998780163992142,0.9987259839530029,0.9992094578109121,0.9996373038617634,0.9990602838320676,0.9989298948780964,0.9993920647778745,0.999641424519522,0.9989543161709338,0.9992055206782768,0.9994079299844589,0.9993912928713891,0.9994380697927023,0.999327650590811,0.999124181647832,0.9988661909179642,0.9988489365463924,0.9990164192726355,0.9991091476101533,0.999472486319291,0.9991396208868621,0.9991197300096726,0.9991131669707123,0.99891459275756,0.9991777449183654,0.9988812412890067,0.9996676150136945,0.9992101103424642,0.9979522123185335,0.9988839833778185,0.9992994004848643,0.9987697232813838,0.9978143032329116,0.9979190236680034,0.9983864006453805,0.9982094425741075,0.9995936490045125,0.9984135966972405,0.9986192593631931,0.998750156073035,0.9981568424752775,0.9991191987774108,0.9994825307483464,0.9988783286337057,0.9988245627440939,0.9995875912380341
55,0.9993988771767264,0.9993392868398597,0.9984110857824848,0.9992164055719286,0.9990447977983079,0.9987493233427297,0.9986071327366295,0.9999999999999979,0.9986694619407435,0.9986896827481669,0.9990206966738204,0.9993334188997145,0.99858585920877,0.9990418604909992,0.9990061880272287,0.9990991641162363,0.9993011582238381,0.9996154140471105,0.9987358292895272,0.999464135536913,0.9992463710711752,0.9990634250649482,0.9991000535208845,0.9988915313234956,0.9993137172074216,0.9987923609187972,0.9995662080613388,0.9985991534915033,0.9990102847239992,0.9983762757300578,0.9989153896110786,0.99885559558503,0.9987246735366682,0.999184615279161,0.9995927831792413,0.9990420072646035,0.9989141569447859,0.999320386995511,0.9996446189338573,0.9989218592547737,0.9991908465031777,0.9994072644293619,0.9993744527503781,0.9992666480913128,0.9991239747374258,0.9986060400630457,0.9987895690492774,0.9987156590669488,0.9989988412300059,0.9991086369260187,0.999316483371034,0.9991759986814696,0.999096136999787,0.9989891234014662,0.9992449935701349,0.9991889863348642,0.998872084720573,0.9991891532471051,0.9992171288022051,0.9979803836906092,0.9986074737608583,0.99929011760828,0.9977677749710436,0.9976606400822285,0.9979822079734723,0.9983926196113587,0.9985009261682459,0.9996017205060624,0.9982722335137254,0.9986852878906595,0.9987511243431832,0.9989129141824653,0.9990431555786163,0.9994151045062376,0.9988490779795262,0.9987909901920266
57,0.9988715291173424,0.9994198557378623,0.9989705920142783,0.9984985411446963,0.9992871621116429,0.9989794014739624,0.998728150519815,0.9986694619407435,0.9999999999999978,0.9986317181548027,0.9988940497530718,0.9990756032084342,0.9991669945038133,0.9986690725701646,0.9993781201234491,0.9990139307509738,0.9992073445631633,0.9994051246279698,0.9996228279757102,0.9987975215690281,0.9994901074225702,0.999075560565986,0.9991847679907054,0.9991324862127062,0.9988757004641962,0.9993219744107629,0.9989413791952032,0.9996076090835491,0.9986022915470654,0.9990203512084792,0.9983313724795679,0.9991968639547801,0.9989180705316509,0.9990659077772225,0.9992733004139418,0.9996621590294978,0.9990802507120216,0.998909156917402,0.9993025886824369,0.9996260279100629,0.9990742367691321,0.9993255961628282,0.9993368710139194,0.9992898455656992,0.9991997423818961,0.9987827975575704,0.9985695037947732,0.9987385879321828,0.9987337772305634,0.9990452117421842,0.9990942194991865,0.9993195667336672,0.9991188995603747,0.9989461336641489,0.9990754890032443,0.9992140531113782,0.9991612024744934,0.9985520621761718,0.9993146710420096,0.9992049581129168,0.997883028301328,0.9986008912932611,0.9983432689883087,0.9978358482917972,0.9979403231455697,0.9980070975543613,0.9984742523932246,0.9986168637186567,0.9995581299750766,0.9982434161869148,0.9987139080558636,0.999135589295395,0.9988107735349173,0.9991058232498088,0.9995180086481279,0.9989360253377904
59,0.9992607187598163,0.9987809796788001,0.9992517704909569,0.9990788734797251,0.9985111314776994,0.9990663033675855,0.9989942345661178,0.9986896827481669,0.9986317181548027,0.999999999999998,0.9987530794158349,0.9990133805285406,0.9990316189742225,0.9991448758492548,0.9989495627309166,0.9993267237361307,0.9991318995260998,0.999208422366628,0.999396423677869,0.9996819166983082,0.9987747229242736,0.9994635968517109,0.9990254106729576,0.9991863921023911,0.9988833516323425,0.9988340698224267,0.9994099863410151,0.9989664925178654,0.999611973652405,0.9986555181885677,0.9990432987246525,0.9984784190494416,0.9991745977330767,0.9992961448025415,0.9991356777398603,0.9992958851164415,0.9996624608361583,0.9990963684663244,0.9989054545671681,0.9993025477811439,0.9997369515107479,0.9991399280315467,0.9993362342818738,0.9993323215920022,0.9993047705953678,0.9990499460816098,0.9987866399423206,0.9985778199011679,0.9987355997520415,0.9987049263074477,0.9990871341922061,0.9990529756939134,0.9993240647292861,0.9990954093957091,0.9989873507874671,0.9989129128831904,0.9992136583052867,0.9990243830935983,0.9985829038712449,0.9993086653879927,0.9992143137616214,0.997876925086022,0.9980212863286294,0.9984644168536537,0.9980203412335477,0.997903990635169,0.9980904431010487,0.9984587257312497,0.9986319445755858,0.9995923556657236,0.998160077410505,0.9992137714354593,0.9991292679387678,0.998874048389774,0.9991748669875216,0.9995754112567568
63,0.9995255302438254,0.9993074269906144,0.9985549586992069,0.9991987221208718,0.9991131379944016,0.998569558842625,0.9990915681320781,0.9990206966738204,0.9988940497530718,0.9987530794158349,0.9999999999999978,0.9992801988802363,0.9990098427816023,0.9990451917395666,0.9991530104304278,0.9990776914942057,0.9992831291725061,0.9991400644357911,0.999311600225514,0.9993947819437669,0.9997662946312673,0.9989051841669706,0.9994122951182025,0.9990891336866674,0.9990373217529157,0.9990136092000014,0.9988366965747559,0.9994461064016159,0.9990434333423591,0.9995620223038169,0.9989105253148036,0.9990400500420822,0.9985141718836363,0.9991015808073719,0.9992962281609834,0.9991680401731631,0.999356105397993,0.9997015793733809,0.9992550300060894,0.9990117639492162,0.9992970351020174,0.9997439832395241,0.9993446016818088,0.9993060192315556,0.999242710653731,0.9989554264243135,0.9991127700927278,0.9987822310112147,0.9986584189606429,0.9987885220613127,0.9986423275661029,0.9992444671366544,0.9992256951092799,0.9994382397380065,0.9996661448829331,0.9990625149394843,0.9990672702946516,0.9989097983645809,0.9990305071946716,0.9987718220782527,0.9991397677593864,0.9993374162653806,0.9972375659257477,0.997912515389614,0.9984702711001331,0.9981057116478286,0.9984490110484179,0.9980772966683352,0.9984367331693766,0.9989300685034825,0.9996315423491633,0.9993431271848497,0.9993542520834133,0.9991220697692563,0.9988793498959567,0.9991853333980856
67,0.999622381166331,0.999669911093156,0.9992553648316116,0.9990102536047522,0.9994879566744502,0.9990574164326484,0.9987888353354815,0.9993334188997145,0.9990756032084342,0.9990133805285406,0.9992801988802363,0.9999999999999978,0.9993445369702912,0.9992940000752248,0.9998226643654273,0.9992598889837196,0.9995526450391841,0.9996100673275534,0.9993039974055766,0.9996622140593827,0.999576152270829,0.9997414525300199,0.999245424147476,0.9996367684858919,0.9992067679159833,0.9991517514073311,0.999461482682649,0.9991105542900415,0.9996380551986683,0.9993810045245721,0.9995951165341357,0.9995293042544088,0.9992895698235891,0.9994443954145731,0.9994834339195466,0.9995947305869426,0.9993988445439512,0.9995802801738666,0.9998067511462705,0.9994022183179547,0.9994892102287651,0.9997094530416363,0.9997824718356225,0.9995344961263206,0.999573396990935,0.9993233550607348,0.9991234968385455,0.9993233553296553,0.9989772810742139,0.9988750965195282,0.9991044162661447,0.9987322581196231,0.9993127772232544,0.9992336846777725,0.999362031260496,0.9996797292030987,0.9991652159555183,0.9991432097869698,0.9992833050098846,0.999115299148245,0.9990675259462483,0.9992790510946343,0.998733120781474,0.997729054099317,0.9985561803104928,0.9986372345332242,0.9980821430219918,0.9987868834193327,0.9983131630229856,0.9984610929701492,0.9990929276719176,0.9997608080635014,0.9993875661954008,0.9997137612035696,0.9995114343927358,0.9992405674782636
69,0.9995148802815572,0.9993480853849777,0.9996301656262934,0.9993392017282802,0.9989030080543689,0.9990254313927189,0.99904046798509,0.99858585920877,0.9991669945038133,0.9990316189742225,0.9990098427816023,0.9993445369702912,0.9999999999999979,0.9991571962170553,0.9994939011564017,0.9996306163607225,0.9993433743301505,0.9993943659713584,0.9995088746329849,0.9993044168791896,0.9995173683214604,0.9995993451662395,0.9994695737298231,0.9991472730372408,0.9990962750067955,0.999034097053718,0.9991303949214245,0.9994065884130202,0.9990433469613305,0.9996803448125755,0.9993739373186713,0.9995738007099906,0.9993579838829874,0.9996942234559122,0.9994417820921735,0.9993980495597204,0.999488885600942,0.9993678765380587,0.9995056207719591,0.9997467944717633,0.999425526586198,0.9994349526769822,0.9997068575330302,0.9997911463464588,0.9995741159200618,0.9995610492482665,0.9992934048599905,0.9991243847113053,0.9992268105312969,0.9988053419833933,0.9989182355436945,0.9989340091402195,0.998708891804915,0.9993250171820424,0.999103806837166,0.9989848453186383,0.9996215658831987,0.9991544075693921,0.9990263931913241,0.9991950189873023,0.9991816305062311,0.9989821200328566,0.9989801118754001,0.9988682215534193,0.9977845364325106,0.9983846341074675,0.9986012193652859,0.9978818953288096,0.9987969278509012,0.9983089032128045,0.9981958310821499,0.999550669246748,0.9997608379084262,0.9993965812527262,0.9996959374493215,0.9994836551868781
74,0.9996798857338085,0.9995242905493336,0.9989075418989811,0.9995247946686979,0.999328751023455,0.9989171750612655,0.9989393446344887,0.9990418604909992,0.9986690725701646,0.9991448758492548,0.9990451917395666,0.9992940000752248,0.9991571962170553,0.9999999999999977,0.9992005604762559,0.9995341669491042,0.9995428759712364,0.9993440185405181,0.9993965509443288,0.9994443090509334,0.999313265864477,0.9994153833151405,0.9995937157897911,0.9994570753065152,0.9990615151082514,0.9991339363818588,0.999024010659729,0.9990937050279132,0.9993806523322333,0.9989083978863729,0.99973883186582,0.9994303330761068,0.9995744972276448,0.9993014933982602,0.9996458804923362,0.9994242723057809,0.9993879248488193,0.999424101111895,0.9993891306333991,0.9994868335950727,0.9997226959367822,0.9994182576403492,0.9994437784357093,0.9995425412731226,0.9995880054668114,0.9990563894537279,0.9994956761511241,0.9991667521845736,0.999115662930675,0.9992310021739899,0.9986483809812222,0.9989713537073137,0.9989324743979417,0.9986092245870435,0.9997001218330945,0.9991286291912906,0.998994085333891,0.9991461544164552,0.9991557716177322,0.9990748299743395,0.9989147501858386,0.999186619534304,0.998005159237314,0.9988141582126677,0.9989128969225052,0.9977998128237977,0.9987184568803418,0.9986031605623711,0.9977453205088098,0.9988931622592248,0.9983152504648833,0.9990211600628763,0.9994973750507776,0.9996909345223457,0.9993628808629456,0.9996596042356092
77,0.9995153441493765,0.99977677065378,0.9995363980682068,0.9989313508040714,0.9996212619720619,0.9994390771519319,0.9990730057614594,0.9990061880272287,0.9993781201234491,0.9989495627309166,0.9991530104304278,0.9998226643654273,0.9994939011564017,0.9992005604762559,0.9999999999999976,0.999428942306398,0.9995591470055193,0.9995757770696965,0.9995633769080292,0.9994787974968181,0.999618906503238,0.9996926419510119,0.9993348200024937,0.9997503396909624,0.9992567069368101,0.9992970915332361,0.9991701462238529,0.9991512880033975,0.999290223499349,0.999438923585761,0.9993728181371244,0.999697791059767,0.9995170896311274,0.9995192604666894,0.9993709820642084,0.9997461826673669,0.9995713545921815,0.9995495124450293,0.999734343022237,0.9996365986666564,0.999522088019613,0.9997639240880312,0.9998330176576602,0.9995687064400605,0.9995900283909998,0.9994352345445991,0.9992650873329325,0.9996339447213838,0.9993528290823931,0.9992325697172673,0.9992860997497475,0.9989215185126141,0.99933279368499,0.9992769161787489,0.9993760886064011,0.999835010579881,0.9994426515898225,0.9988888042712329,0.9991754014382661,0.999498359797617,0.9990439141113103,0.9991706371059812,0.9989087683579161,0.9979805764148479,0.9988045990631347,0.9990827060192613,0.9985601845908711,0.9987070710821017,0.998717076599504,0.9982558801679466,0.9989783247821806,0.9998552643817009,0.9993710221843126,0.9995741921100315,0.9997558808318342,0.9994402362348148
81,0.999600964745168,0.9995153699779483,0.9993660729314866,0.9995463265462017,0.9989593408270481,0.9995632121936291,0.9993794708550089,0.9990991641162363,0.9990139307509738,0.9993267237361307,0.9990776914942057,0.9992598889837196,0.9996306163607225,0.9995341669491042,0.999428942306398,0.9999999999999976,0.9994586393154798,0.9996138873778004,0.9995635239613224,0.999568123773133,0.9994816720531765,0.999450019144305,0.9997580157455725,0.9993354873372207,0.9996963741894952,0.999256204148578,0.9993794962297595,0.9991694449935576,0.999127322566016,0.9992371796414948,0.9994071295233582,0.9995679395003423,0.9997237354761606,0.999717808596027,0.9995477747033081,0.999395753909849,0.999751660804147,0.9995296318634999,0.9995254647164363,0.99969738468872,0.99971691756971,0.9995954899652869,0.9996991426582257,0.9997050823370193,0.9994411358599233,0.9991748029257701,0.9993713445006202,0.9991722188057075,0.9996257972934173,0.9993685988341259,0.9991556881184975,0.9992867414568531,0.9988629707682283,0.9991791640629231,0.9994342950749702,0.999345058042842,0.9998002341399223,0.9990551799928025,0.9989585593669992,0.9991636911915738,0.9993255421848681,0.9990227361099879,0.9981939142531504,0.998886402891252,0.9981705519947744,0.9988088503175198,0.9992239901258855,0.9986238152926925,0.9986163051758337,0.9987081457873018,0.9982602797636291,0.999479968965056,0.9997491737072197,0.9993747614181775,0.9996171287957536,0.9997870168126466
82,0.9997571615748496,0.9995159849889272,0.9994656869606293,0.9993656417568748,0.9995221384350781,0.9988145503269819,0.999611168925596,0.9993011582238381,0.9992073445631633,0.9991318995260998,0.9992831291725061,0.9995526450391841,0.9993433743301505,0.9995428759712364,0.9995591470055193,0.9994586393154798,0.9999999999999976,0.9993747671750779,0.9996712002587449,0.9995699915953472,0.9995805367768142,0.9996886492273505,0.9992516201867495,0.9997760042867889,0.9989627701810868,0.9997377875262023,0.9992244883001364,0.9993946538562184,0.9992246698060516,0.9991342656527348,0.9994865384559992,0.9993248923579865,0.9995140662951252,0.9997886823356923,0.9997147774614956,0.9995341224397585,0.9994048039924576,0.9997979357787798,0.9996550523305855,0.9996161476225103,0.9996814358326513,0.9996763667915618,0.9998147945983025,0.9997371780147972,0.9997047693530888,0.9992958046475162,0.9992518808749449,0.9994147441583114,0.9992098343878653,0.9995911017314036,0.999374062331633,0.9992221024874137,0.999464243165583,0.9990433321654781,0.9995760590505745,0.9993361273420985,0.9994791265772095,0.9996855219602008,0.9989840876745206,0.9990995553691394,0.9991233060620222,0.9994122260125835,0.998696964080009,0.998181553950109,0.99885266255194,0.9981700573333119,0.9992366617476416,0.9990960646866913,0.9986550295255705,0.998896516582167,0.9986189469826792,0.9993648534951209,0.9996590973087021,0.9997553141827433,0.9993630821654247,0.9996098804773346
83,0.9995399716632128,0.9997721712635623,0.9991085695225519,0.9993655544588042,0.9993609043157405,0.9995444639585138,0.9987452286835852,0.9996154140471105,0.9994051246279698,0.999208422366628,0.9991400644357911,0.9996100673275534,0.9993943659713584,0.9993440185405181,0.9995757770696965,0.9996138873778004,0.9993747671750779,0.9999999999999977,0.9993929415776068,0.9996145729894421,0.9995905247420103,0.9995169542486607,0.9996734016299489,0.9992504963952069,0.9996785445966256,0.9990155885785392,0.9997270177033566,0.9991980920634718,0.9993846486939457,0.999100922263727,0.9992258440909009,0.9995295523835674,0.9993300471604974,0.9994484612547118,0.9997457776381057,0.9997037219800715,0.9995343615690278,0.9993556365417391,0.9998417967918805,0.9996562443085699,0.9995920640083664,0.9996740146850389,0.9997178550259367,0.999670629077443,0.9995500304686353,0.999211118039821,0.9992504837375763,0.9991435676623741,0.9994198023306272,0.9992209973220579,0.9994467010336987,0.9994445957868316,0.9992493433006415,0.9993995387973731,0.9994540744976929,0.9996096545319092,0.9993691643807258,0.9990288799872702,0.9996854733896039,0.9990559310268978,0.9988342624885391,0.9991473025468527,0.9984880755111945,0.9985364298314513,0.9982159988712114,0.9988789104494797,0.9985415843051428,0.9992341324390236,0.9989760245897323,0.9987855515337023,0.9989075635497602,0.9995094291112046,0.9993434027352928,0.9995970288756744,0.9997255241064951,0.9993321663180847
84,0.9994780290822483,0.9994981791458715,0.9994967665922536,0.9991522400497548,0.9993822732938404,0.9992359366648804,0.999526841621412,0.9987358292895272,0.9996228279757102,0.999396423677869,0.999311600225514,0.9993039974055766,0.9995088746329849,0.9993965509443288,0.9995633769080292,0.9995635239613224,0.9996712002587449,0.9993929415776068,0.9999999999999973,0.9994179442007514,0.9996112319012274,0.9995245265321102,0.9995069287736484,0.9996781276562966,0.9990860537817876,0.9996710166316471,0.9990852348536696,0.9997387481303526,0.999196259281128,0.9993779277138501,0.9991285864319992,0.9993669941615249,0.9995290289958914,0.9995742350313968,0.999488100060192,0.999765748349013,0.9997092243849947,0.9995261749614675,0.9993607926246104,0.9998367085954123,0.9997349576604624,0.9996482157505389,0.9996762372170118,0.9996569433922243,0.9996112299048874,0.9992652423283312,0.999191587181165,0.9992128282842296,0.999144903463786,0.9994144426234143,0.9991978625433187,0.999443409191074,0.9994420400518501,0.9991885574840172,0.9995517302854794,0.9993696036719509,0.9996116462176126,0.9991074873577604,0.9990668653626099,0.9996983998974349,0.9989657620651233,0.9988346477517245,0.9983994317201115,0.9985178673510529,0.9986947418701713,0.9982069003543743,0.9990416059756706,0.9985524924735485,0.9991981469161744,0.9990236857534536,0.9987479163984201,0.9994943530059293,0.9994789132794677,0.9993693147320795,0.9996426540573473,0.9997616565911875
85,0.9997908576922238,0.9994002170523432,0.9993475336969055,0.9994977091451354,0.9991319582892222,0.9992384335306006,0.9992463008062022,0.999464135536913,0.9987975215690281,0.9996819166983082,0.9993947819437669,0.9996622140593827,0.9993044168791896,0.9994443090509334,0.9994787974968181,0.999568123773133,0.9995699915953472,0.9996145729894421,0.9994179442007514,0.9999999999999976,0.9994140592558567,0.9997033275998837,0.9993866364161106,0.9995086527262299,0.9993755160982789,0.9990996290978424,0.9996644135113452,0.9990868903411325,0.999761000389156,0.999183399323159,0.9995338377652215,0.9991173835626421,0.999322594612827,0.9996417159277029,0.9995738980693087,0.9994752687838413,0.9997622556830533,0.9997224703635432,0.9995959523772793,0.99940415632292,0.999842624205662,0.9997182488981362,0.9997750337017355,0.9996630193007443,0.999619195003604,0.9993953425643877,0.9992937287182819,0.9991909324857632,0.9992257222866441,0.9991108833488758,0.999394279646555,0.9992289723191636,0.9995422614361746,0.9995195423689365,0.9994891238942293,0.9994513401604461,0.9994433044595084,0.9994241574991838,0.9990657368545852,0.9991498881288745,0.9996225935364157,0.9990092503674419,0.9983320027576261,0.9983862902880171,0.9985424554640456,0.9986810372262473,0.9985287289556202,0.9989551403819192,0.9985445588840914,0.9993815213109214,0.99894454983694,0.9996541258311094,0.9995828977995203,0.9994788622271829,0.999366112796706,0.9996388357213053
93,0.9996568378693089,0.9997703847446362,0.9990510385351759,0.9993439389589863,0.9995086949290821,0.9990567060426259,0.9991925828699924,0.9992463710711752,0.9994901074225702,0.9987747229242736,0.9997662946312673,0.999576152270829,0.9995173683214604,0.999313265864477,0.999618906503238,0.9994816720531765,0.9995805367768142,0.9995905247420103,0.9996112319012274,0.9994140592558567,0.9999999999999977,0.9993147993905831,0.9997099315851081,0.9993848048104935,0.9993878036819546,0.9993800664425347,0.999150239134269,0.9996596374871419,0.9990727236691596,0.9997095345356197,0.9992046859304919,0.9996638342369366,0.9991218337844512,0.9994780094129893,0.999654906043034,0.9995840203158873,0.9994755187274704,0.9997307685675358,0.99972414244483,0.999579067522541,0.9994553593580879,0.9998849848410687,0.9997061584212099,0.999671287609617,0.9995500919216437,0.999243932482689,0.9993529216913699,0.9992195911540396,0.999186370020555,0.9992263203271325,0.9990399571788511,0.9994052947872613,0.9992130855273236,0.999449578340686,0.9997295153533219,0.9994436083697384,0.9994458846946351,0.9990972204410006,0.999458520901269,0.9990812112304133,0.9989909879168954,0.9996181997343057,0.9981503255143609,0.9982983813515323,0.9985209628459171,0.9985414381006036,0.9988821311205657,0.9985477882430263,0.998879691984084,0.9985910534440898,0.9993633754658242,0.9995734283954528,0.9995997857470542,0.9995778882623231,0.9995021299518833,0.9993811515001341
98,0.9996793917515481,0.9994342430962136,0.9997673431033219,0.9992552083142392,0.9993143331945695,0.9990601195776877,0.999096314485204,0.9990634250649482,0.999075560565986,0.9994635968517109,0.9989051841669706,0.9997414525300199,0.9995993451662395,0.9994153833151405,0.9996926419510119,0.999450019144305,0.9996886492273505,0.9995169542486607,0.9995245265321102,0.9997033275998837,0.9993147993905831,0.9999999999999976,0.9991588911575928,0.9996681106197591,0.9989415277286755,0.9992383275986304,0.9994744550464862,0.9991656466658727,0.9996366025635606,0.9992091253748698,0.9996734189753672,0.9993412218169047,0.9995646390676276,0.9997434456654075,0.9995744928264182,0.9996483547328714,0.9995372527985624,0.9995007557815254,0.999665681398733,0.9996920831743525,0.9997237836182451,0.999509689767873,0.999863166031601,0.9997723157212985,0.9997953736352447,0.9996260584752812,0.9992525115865398,0.9994122594877823,0.9991693606937495,0.9990756680044632,0.9993606716846646,0.9988820860485513,0.9993768140826571,0.999213619365029,0.9992174414557328,0.9993741618999727,0.9993941535295121,0.9995142056713073,0.9990839169711767,0.9993705132736277,0.9992508510402738,0.9989303166414285,0.9993124485733991,0.9984208052617936,0.9985111272687862,0.9983930367268667,0.9984140809999726,0.9987854090112153,0.9986248366424633,0.9988366410254759,0.9983825707763205,0.9996225596431769,0.9995667211969143,0.9997030150204942,0.9996610762881019,0.9995683710551153
99,0.9995630778967792,0.9997185751228972,0.9988495331998437,0.9995474059585738,0.9992178937212438,0.9994201323634423,0.9989103512584212,0.9991000535208845,0.9991847679907054,0.9990254106729576,0.9994122951182025,0.999245424147476,0.9994695737298231,0.9995937157897911,0.9993348200024937,0.9997580157455725,0.9992516201867495,0.9996734016299489,0.9995069287736484,0.9993866364161106,0.9997099315851081,0.9991588911575928,0.9999999999999976,0.9991231296624126,0.9996427887819206,0.9989985150483016,0.9991674670621912,0.9993926070822654,0.9991085979099568,0.9993980769167836,0.999265084092085,0.9996734903717086,0.9993363282859409,0.9992932886707986,0.9996244971976054,0.9995221926549314,0.999616724011495,0.9994180720677643,0.9995156736101646,0.9996206756590267,0.9995901579447706,0.9996671865846449,0.9994989319049415,0.9996077102792669,0.9994517103339482,0.9990902977956473,0.9995112522247288,0.9990463919640609,0.9993838845439231,0.9991723802350923,0.9988102445770509,0.9994399251135565,0.9988594067839688,0.9992229565233633,0.9997231652067664,0.9993119396135861,0.9993699121213638,0.9987454069413257,0.9994863745432605,0.9991395102687031,0.9989398558485909,0.9992434622197937,0.9977503576998944,0.9989980328298498,0.9983862745246297,0.9985334670826757,0.9988228680328828,0.9984087507003607,0.9985614735029475,0.9987306944720529,0.9988681292800141,0.999336620237185,0.9995289776425798,0.9994191200543117,0.999605896899947,0.999565397103219
104,0.9995008948098253,0.9995232226004935,0.9994353761028281,0.998854756787505,0.9995505842949478,0.9991155130227514,0.9993940500052155,0.9988915313234956,0.9991324862127062,0.9991863921023911,0.9990891336866674,0.9996367684858919,0.9991472730372408,0.9994570753065152,0.9997503396909624,0.9993354873372207,0.9997760042867889,0.9992504963952069,0.9996781276562966,0.9995086527262299,0.9993848048104935,0.9996681106197591,0.9991231296624126,0.9999999999999976,0.9989454216468201,0.999647592197332,0.9990364337709898,0.9991669509360275,0.9993901825292273,0.9990748700495338,0.9994569292566466,0.9993581362749393,0.9996635667114913,0.999494509028574,0.999306926928794,0.9996297612463981,0.9995220682989763,0.9996010711325911,0.9994386736005585,0.9995169577772705,0.9996638543851079,0.9996184477504966,0.99969513339358,0.9994267717939733,0.9995239185892167,0.9991347413900937,0.9990707922852475,0.9994629425009645,0.9990473448619119,0.9993738296469751,0.9991229708171792,0.9988241463311633,0.9994573150495734,0.9988182486328196,0.9994478073721533,0.9996559981382516,0.9993290854904551,0.9990808616102392,0.9987593599204145,0.9995196605418122,0.9990144284234808,0.9989490961630183,0.9984994718867768,0.9977325919619356,0.9991064744142092,0.9983802436765423,0.9987609400941705,0.9988115878386017,0.9983580730887002,0.9986452100117333,0.9986924979972148,0.9995654745074742,0.9993249844233374,0.9995302069948259,0.9994386321174872,0.9996190553030856
106,0.9991814741196836,0.9994644153793277,0.9986057728238729,0.99903215725808,0.998698395194042,0.9996162941549075,0.9987688365248916,0.9993137172074216,0.9988757004641962,0.9988833516323425,0.9990373217529157,0.9992067679159833,0.9990962750067955,0.9990615151082514,0.9992567069368101,0.9996963741894952,0.9989627701810868,0.9996785445966256,0.9990860537817876,0.9993755160982789,0.9993878036819546,0.9989415277286755,0.9996427887819206,0.9989454216468201,0.9999999999999976,0.9988756838136322,0.9994604633764912,0.9988009760491761,0.9989414063216466,0.9989494698529519,0.9989062931822434,0.9994016722794821,0.999255877108484,0.9991969774869569,0.999224432413739,0.9991261045994068,0.9994619568039376,0.9992180938736719,0.9994361928708453,0.9992105922757768,0.9992829178819886,0.9994974387673636,0.9993723399325443,0.9992064657011128,0.9988721853124423,0.9984949833123886,0.9988192435174976,0.9986487455194221,0.9992843870088075,0.9989450646783615,0.9988951054908592,0.9990706550305322,0.9985826727121012,0.9990308428951851,0.9991947136219603,0.9994828012964123,0.9994609656307636,0.9983627455231094,0.9989643264644377,0.9986417781280827,0.9988342830214372,0.9988388982419094,0.997300103153588,0.9979761861860302,0.9976111666045737,0.9990118267005206,0.9986391079812883,0.9986973611852963,0.9983724629070407,0.9982434984470092,0.9986017156596461,0.9993806242670338,0.9992245565064466,0.9990101793598966,0.9992942140766241,0.9992005823716849
107,0.9991608340794844,0.9991766716722197,0.9990822232264778,0.9986283976942143,0.9990623335375073,0.9986291117838363,0.9995680499915054,0.9987923609187972,0.9993219744107629,0.9988340698224267,0.9990136092000014,0.9991517514073311,0.999034097053718,0.9991339363818588,0.9992970915332361,0.999256204148578,0.9997377875262023,0.9990155885785392,0.9996710166316471,0.9990996290978424,0.9993800664425347,0.9992383275986304,0.9989985150483016,0.999647592197332,0.9988756838136322,0.9999999999999978,0.9989616675051313,0.9994661298601738,0.998784046007111,0.998902317581072,0.9989284899579244,0.9990989556654811,0.9994266364805124,0.9994755139644451,0.9992329081624828,0.9992526645380528,0.9991350608297722,0.999429990858263,0.9992008456466905,0.999407386671059,0.9992968689615969,0.9993587428719326,0.9994453646464752,0.9992607015677135,0.9990966255944322,0.9984872118495878,0.9984421956851274,0.9987404311780974,0.998645313941351,0.9992997103645269,0.9988834238490812,0.9988963461719051,0.9990233187428805,0.9984471971948026,0.9991832431563195,0.9991552936949184,0.9994562335281714,0.9991018698485273,0.9984318804823273,0.9989581069219243,0.9984904827405905,0.9988191339506911,0.9979069176781604,0.9972947012585542,0.9981680564696447,0.9976156331980139,0.9991537733377767,0.9986982203153891,0.9986208999181435,0.9983733223618327,0.9982432644494097,0.9991109069195272,0.9992895023140842,0.9992376118256413,0.9990589770353655,0.9993313554755662
109,0.9992905153523655,0.9991671072363579,0.9989510304725093,0.999041343085546,0.9986426507736279,0.9990559591220198,0.998638939844417,0.9995662080613388,0.9989413791952032,0.9994099863410151,0.9988366965747559,0.999461482682649,0.9991303949214245,0.999024010659729,0.9991701462238529,0.9993794962297595,0.9992244883001364,0.9997270177033566,0.9990852348536696,0.9996644135113452,0.999150239134269,0.9994744550464862,0.9991674670621912,0.9990364337709898,0.9994604633764912,0.9989616675051313,0.9999999999999977,0.9989807215993256,0.9995165405427926,0.99873749257616,0.9991067535700664,0.9989311161118004,0.9991080401230359,0.9994135027576495,0.999471641004225,0.9992475422949738,0.9992872194850756,0.9991562300009142,0.9995478651313174,0.9992756118099707,0.9994048664444339,0.9992966826957819,0.9995193928663173,0.9994068764402284,0.9991757593203143,0.9987707643026092,0.998526767829905,0.9984268338805571,0.9987920332481486,0.9986679379080718,0.9992409657491501,0.9989922383113083,0.9990285832780337,0.999103874021215,0.9989147747627685,0.999201020606796,0.9992704754863124,0.999170048941801,0.9990945079882539,0.9985743602840469,0.9988067308046359,0.9985776040567326,0.9981843736204119,0.9978224594138416,0.9973121636223496,0.9982170560011305,0.9980703164620559,0.9991216096351961,0.9986692104487163,0.9988629988722666,0.998374423303529,0.9993034108295928,0.9992154150200085,0.9992790488274035,0.9992375578692589,0.9990614558200248
