A,23,32,35,36,37,50,53,55,57,59,63,67,69,74,77,81,82,83,84,85,93,98,99,104,106,107,109,113,114,115,117,165,166,198,199,233,234,240,241,249,251,252,254,256,261,262,263,302,306,317,325,334,335,336,337,342,345,346,351,353,354,365,380,383,404,406,411,416,419,420,421,424,425,426,428,435
23,0.9999999999999967,0.9610338469851516,0.9281720023433792,0.9503321651549084,0.945967011556862,0.9367927567075346,0.8832040013287891,0.9008922393963901,0.9341112002491306,0.9146824599403786,0.9314811933389491,0.9564752161425404,0.8535701529393228,0.9515216616645704,0.9487951574738631,0.9432331434542459,0.9501738864457666,0.93380337311283,0.9090699533498876,0.9112192042280276,0.8604116301276471,0.8980117657176557,0.8752511773907569,0.8988581055654415,0.8818197633842344,0.9113405988411323,0.930622685728077,0.9487854979181863,0.9672847091974626,0.9708204355502165,0.9701736934117884,0.9843172449917588,0.9550590715580385,0.9219732189058095,0.8171339741386239,0.9066595159896035,0.8740324127670501,0.9186017938242483,0.8597660930773151,0.933559266652349,0.8790283514438066,0.8785803068731964,0.9327478422776468,0.9564820465880135,0.9409764422772819,0.9207280209909886,0.9239735811649189,0.8515059926419891,0.8482201368260501,0.9034076048454658,0.8567682361599505,0.8891871422411824,0.8866238841465636,0.8381780909292543,0.9116476806327731,0.8944385969317523,0.8435478982517237,0.9103093417204762,0.937989325363402,0.9270236524554016,0.9431276136050678,0.7664002352588106,0.9216133089645274,0.8866224797002172,0.9397823294547333,0.902443712260657,0.8906934761054823,0.8886608177154157,0.8948978002832311,0.9601190167558673,0.8968637056402636,0.7659044098616509,0.7801554209426307,0.9312657087922852,0.8438506924697673,0.9586615951764192
32,0.9610338469851516,0.9999999999999944,0.968245378765479,0.9056201864428322,0.9555721982578697,0.9659916375048162,0.8322943560009983,0.9195291145923165,0.883742894859676,0.9191679923628739,0.9172722631596968,0.9371501703714975,0.8794333123225164,0.9333022208668547,0.9412851301668806,0.8997644765926883,0.9284635002233439,0.8753060470973886,0.9020265069399138,0.870476340000797,0.8320546044446709,0.9057599534518201,0.9030918757091883,0.862568855829674,0.8969052671273869,0.8670606980893977,0.9241336758511641,0.9001775533349698,0.9390593825778178,0.931683481271923,0.9565460976853049,0.9446722560740253,0.9096508262739949,0.8470388509967326,0.829347158880604,0.8809022606990131,0.8833635814367009,0.8681180204554118,0.8510089544197089,0.9305991889347828,0.9115336647928227,0.8340628476834786,0.8938953980800171,0.9574404476939969,0.9074551162567531,0.9498593009635952,0.9083938484759143,0.738304622947385,0.8163399775652868,0.9109336094155409,0.893067520584287,0.8924287691377778,0.8511532034104261,0.832453176437952,0.895206067895029,0.9647753286060284,0.7945993119802124,0.8789533712831514,0.8779831111483221,0.892161149628306,0.9001307525180267,0.8156478448273241,0.9021597110370447,0.8614519198273906,0.8981296249422533,0.9317504512293314,0.9188376770358698,0.9198459749689383,0.830568518347988,0.9233585195010375,0.8282119596173178,0.8396367875459988,0.7456426712182291,0.9027416516730056,0.8287523310517891,0.9138907246231819
35,0.9281720023433792,0.968245378765479,0.999999999999994,0.9295389004252924,0.9274933143866595,0.9692738439571992,0.8705922570423796,0.9187230227048997,0.9131518732362861,0.9050144407042466,0.9325875723348654,0.93398738452008,0.8722021147743417,0.9388688633164143,0.9350788023789495,0.8978881500199588,0.893646747150862,0.8246623640476465,0.8446854507896618,0.7934213601425502,0.7415400882776939,0.8253524899839592,0.8381910864390117,0.8507397955615691,0.8230677081722451,0.8676278069020772,0.877125812109288,0.8929482716998937,0.8923255531159132,0.9135597171289921,0.9065980441640522,0.9302320034416169,0.8637498019630326,0.7912247250425374,0.7393540498872192,0.8320061349635911,0.7989587971904234,0.8110142720418966,0.7572609860081603,0.8702928991721554,0.8837959208629655,0.8510495121936563,0.8511334055829103,0.9261885323081285,0.8880741901811876,0.9376880476249172,0.9400920264690846,0.7395255934968683,0.7493750208357713,0.8665515620547763,0.8724282937698865,0.911212881822921,0.8307926942261475,0.7765290957261236,0.8638785646616798,0.9572409661075788,0.8601359393814784,0.8462487742169864,0.8276730135564272,0.8412945353058536,0.8529482472142389,0.7522499783697228,0.9012415770932524,0.8050465658250362,0.8636616165579759,0.868784319153912,0.9461430526185484,0.934316248163115,0.8726692662017179,0.897082800576025,0.8346715230737465,0.7990723192250486,0.8250321665600564,0.8973872326339813,0.8417463630464639,0.89674684089589
36,0.9503321651549084,0.9056201864428322,0.9295389004252924,0.9999999999999958,0.8945952618130947,0.8867939153958863,0.9382967500182159,0.8859699452217858,0.9543992467631419,0.8568376654309279,0.9352975441134621,0.9346400823936079,0.7903022215646367,0.9495146591802084,0.9331988971695617,0.9442568644995901,0.8866324528611965,0.9011496492792541,0.8389741308117924,0.8357143512267153,0.7566056371720004,0.8251823493072528,0.7913215415890009,0.9262676668977298,0.8263084044816863,0.9322647898024342,0.892920562894801,0.9462831115390383,0.9248484820216226,0.9386502021834889,0.9097709316134422,0.958054707689092,0.9339612831354539,0.8797436026319749,0.700911108770162,0.8570225569204,0.8105395518125841,0.8788729353192811,0.7711142625364078,0.8712090910804037,0.8574519741721585,0.9313838450502236,0.9209616263970155,0.8918205122301018,0.9188819873905146,0.8708325017383843,0.9640867899893709,0.9021635388711667,0.7666669840099043,0.7804574375818442,0.791804743426726,0.9452396730814281,0.8834827390505284,0.7285750127930456,0.8819995591754788,0.8561745631091623,0.9436556055889118,0.890362006199502,0.8796429606509854,0.8411963050849911,0.890117863270591,0.6581934831453903,0.9282660869441691,0.8523052354759755,0.8961239758624722,0.8194160639016129,0.9064326751658262,0.9251511894389068,0.94083063520056,0.9318956091570474,0.906624341792378,0.6535632173653241,0.8570045842479052,0.9574285557230774,0.8196002640682234,0.9069362982938131
37,0.945967011556862,0.9555721982578697,0.9274933143866595,0.8945952618130947,0.9999999999999931,0.9385585139982299,0.7756368604344779,0.958233135987631,0.8879576698587942,0.948764487228176,0.8788364556886704,0.9392459392697475,0.9294110501759097,0.8902456624597018,0.9380006151242462,0.9196138143957111,0.9539760134449252,0.843250403645146,0.918488982680597,0.8680533925758861,0.8578409157522886,0.8794976950000577,0.8800888718874027,0.811981907024383,0.8796069759801208,0.8240063885770326,0.911201393087609,0.8822327170822737,0.9265918432204322,0.9599150643395583,0.9628450695542227,0.9393226901856057,0.9007627780466672,0.8613332938700842,0.8469475448411492,0.8264392503200827,0.8560647241500584,0.8827438061929765,0.8642421115705496,0.8885269569992876,0.8431287584809446,0.7947535311889249,0.9068751780808922,0.9742681882379427,0.8541819900935611,0.9685200572227038,0.8794234532346719,0.7596774740564318,0.9059121326993297,0.9045237056770606,0.8323791952367562,0.8468207173465286,0.9174391419272334,0.9210460514326108,0.8004887433323811,0.9104862666169875,0.7869452761208925,0.9317692715682465,0.8987388018508881,0.894716251500369,0.8953728929355829,0.8375831263950309,0.8532868458866634,0.8661645673636506,0.9228880356344539,0.887166795723832,0.8347559374687811,0.8730145435392791,0.8732588962824784,0.9561204508506868,0.8074019772679643,0.8861273585017514,0.6690818552812594,0.8979391476639869,0.9111392354067968,0.9204616301603314
50,0.9367927567075346,0.9659916375048162,0.9692738439571992,0.8867939153958863,0.9385585139982299,0.9999999999999956,0.8450700426324025,0.9011937275340511,0.8879709085847894,0.9170032893356923,0.9266034684562471,0.9137905665520735,0.8731241848341575,0.9235140573285894,0.9174977135657613,0.8751181432407807,0.8932916015691895,0.8122271509824844,0.8369965000295444,0.7971292823987873,0.7497312048516744,0.825623252361705,0.8412008528154195,0.8147205078403541,0.821374194610258,0.848194872792235,0.8838680960343689,0.8897131987360214,0.895253184920268,0.9105542191862287,0.9227636916488327,0.9190464046494655,0.8460760122495153,0.7746383849729608,0.7546771526780631,0.8262921544168911,0.7905109798858924,0.7965707588929059,0.7766789820723027,0.8770340486666729,0.8759067210256808,0.8097148597132776,0.8382728236583737,0.9488979107725765,0.9087002207185587,0.948001048736776,0.9083882497371891,0.6991352568819221,0.7698411178412803,0.9081753515192792,0.8819375892351126,0.8441057512995788,0.7985693571687624,0.8295461955041772,0.8809106086056993,0.9468689358759648,0.7857134288867265,0.8242925941203447,0.8558603478270651,0.8794575147586661,0.8409352038333632,0.7497934482983999,0.8626188139017953,0.8019936475192545,0.8703908923569187,0.8798611597745691,0.9157687424625777,0.9062107130834104,0.8535831195125156,0.9225447985832788,0.8363164238097944,0.8340263860289415,0.7804275476163048,0.8526888450678796,0.8397706766064988,0.9191533405114308
53,0.8832040013287891,0.8322943560009983,0.8705922570423796,0.9382967500182159,0.7756368604344779,0.8450700426324025,0.9999999999999938,0.8001305635194469,0.9079690561875052,0.7536782437636522,0.9391383448820236,0.8687890315655322,0.6547398102121166,0.9020477417780691,0.8820310157813261,0.8734507365913518,0.7573876182219803,0.8338790852279457,0.7015802641956252,0.7095405747942968,0.5980568360644726,0.69145583698545,0.6566389613537749,0.8608414977965391,0.6960619139123242,0.909316421925687,0.7936847102974275,0.9168066509452234,0.8373191549031804,0.8502884498590169,0.8043874671303098,0.9014959330794903,0.8513651571146094,0.7779783800978346,0.5291479790889775,0.7659378614908803,0.6732099670360361,0.7600888274215701,0.6146311720546292,0.7804528322391168,0.787690693819078,0.9131316718785096,0.8088511747885502,0.7786345657729852,0.9185724887020941,0.7804059397840463,0.9328556098985198,0.8772152996707544,0.6321277289924861,0.674561276424673,0.7117964888689974,0.8943848896317512,0.7386527443662484,0.5791895033407185,0.9016507118959134,0.8152280970314547,0.9109778819108035,0.7271700006688121,0.8121858472218129,0.7808013747648345,0.8068454372189204,0.4878888175212846,0.8534278832455501,0.754460495461635,0.8071229893323122,0.699761975421246,0.8809429172771832,0.8769223251460244,0.9095813989346622,0.8573946471134493,0.9566249738720445,0.5227821960310182,0.9152041494147579,0.8871579841272835,0.7263316511123081,0.8342276491358073
55,0.9008922393963901,0.9195291145923165,0.9187230227048997,0.8859699452217858,0.958233135987631,0.9011937275340511,0.8001305635194469,0.9999999999999951,0.9000065142805915,0.9008745735075415,0.8948920332466874,0.9372745724404311,0.9087314546358721,0.8598769636258273,0.9350790515539514,0.9245424530650275,0.8931386796268068,0.7869587676802817,0.8289255398240918,0.7821054393198061,0.7374762508715543,0.7805282090360102,0.7781556428696749,0.7669899186274287,0.8020482365686856,0.7861089867015569,0.8387453930034645,0.8635317154394031,0.8653983565711137,0.9280280466885819,0.90060597853632,0.919142535442207,0.8680335249680923,0.8003569436744394,0.7205232044928207,0.7214378365711954,0.7547475456980516,0.8190301953354713,0.7478612955133325,0.8061232229961984,0.7777386788933252,0.7980625993889962,0.8563447966590935,0.8933103738174738,0.8061459490325817,0.9422039413736124,0.9069992912764906,0.7685443472817568,0.8626285224055857,0.8126393567357021,0.7452007569815459,0.860191157239099,0.8882858842530975,0.832171932030875,0.7543645155591695,0.8989812216308491,0.839669135101368,0.8648874721069613,0.8334378086504022,0.8168447705655376,0.8762039186356596,0.7478847654249479,0.7938156957850029,0.7977006879393405,0.891926672997929,0.8057506174506981,0.7985449774835317,0.8514689489958941,0.8933839047292074,0.9316664814102777,0.827896367700062,0.8388051703074872,0.7156311002946215,0.8996901863346057,0.9238219336814488,0.8629745055412112
57,0.9341112002491306,0.883742894859676,0.9131518732362861,0.9543992467631419,0.8879576698587942,0.8879709085847894,0.9079690561875052,0.9000065142805915,0.9999999999999958,0.8716244193497019,0.9466025678224531,0.9617550321071815,0.8277324676664997,0.9503135348638627,0.9318598137218415,0.9384511319226571,0.9031850557073774,0.88651660820378,0.8185160029178031,0.8146175366974082,0.7274847571209758,0.7715823061472852,0.7213619307571454,0.8199367594939306,0.741735554458498,0.8618945722224942,0.8048491187102218,0.9169882707855337,0.8902022603347458,0.9318394857997272,0.8855793596511756,0.9524658669887354,0.8970687784593732,0.8735912426292761,0.6819547758865455,0.8020792659546762,0.7335878450522244,0.8264306241284627,0.7021717817969707,0.796231139225415,0.7559050482351025,0.855703387705978,0.853670864428508,0.871571284185757,0.8681974961230964,0.8459616424174878,0.951231769016475,0.8840570029884496,0.7909777910538524,0.8094693643930364,0.7554244403207805,0.8949302588854016,0.8668982429010516,0.723810162522884,0.8265585953097973,0.8258373587759726,0.9128916479990047,0.8730006403136944,0.8917436119235406,0.8260513477987063,0.8963439685722345,0.6682114814206529,0.8933600248412532,0.7696950309802721,0.8689896545470195,0.7720762929117029,0.8396260571291032,0.8422534586428825,0.926564851375803,0.9135081853034329,0.92670686768104,0.6720677981639305,0.861899322486257,0.9425305400026499,0.8839499265667545,0.9230907030962977
59,0.9146824599403786,0.9191679923628739,0.9050144407042466,0.8568376654309279,0.948764487228176,0.9170032893356923,0.7536782437636522,0.9008745735075415,0.8716244193497019,0.999999999999996,0.8491771302118625,0.9257194901702621,0.9531522029618968,0.8876050496928461,0.9303195300680698,0.8621697736555239,0.9435241461074673,0.8136239012851206,0.8916908031724894,0.8247027243064757,0.8075680127352558,0.8176270448166167,0.8080377571450779,0.7247650464404725,0.761890359234423,0.7325149516218548,0.8204727583710485,0.794435222218596,0.8515326373901037,0.9123567027309529,0.8984133765792491,0.8987735268190205,0.8248953542103874,0.8055330323898005,0.8302360001305523,0.7827277615491135,0.7859432118147963,0.7776936892250851,0.7756665977549231,0.8007980239714251,0.7519612154499709,0.6935897223869646,0.795779126284794,0.9210436912375716,0.7930649499986029,0.9227920582811507,0.8131852443510448,0.6991244786702131,0.868779919805589,0.8961536783076848,0.8686072534986546,0.7759370750968134,0.8312190345932919,0.8854610946696243,0.738434404057056,0.8710903687930946,0.7127469585022596,0.8960045760408218,0.8662018442109854,0.8569776087203795,0.8592547768168566,0.8221724527081102,0.8516664443659651,0.7903053075629004,0.8209120806488294,0.8222540777310519,0.8150756127042512,0.792077087937046,0.8030200698395568,0.8906765495291161,0.7574302112122856,0.8931930336374309,0.6691523126735679,0.8880112053215702,0.9018218163878569,0.9270276531419985
63,0.9314811933389491,0.9172722631596968,0.9325875723348654,0.9352975441134621,0.8788364556886704,0.9266034684562471,0.9391383448820236,0.8948920332466874,0.9466025678224531,0.8491771302118625,0.9999999999999951,0.92578751879124,0.8028789144614237,0.9561739567706687,0.9259780826469215,0.9318196835778382,0.8474942888220267,0.8775778188008077,0.8135645822944242,0.7934531562933607,0.6988312634049182,0.7907644524203725,0.7381269339178356,0.838558924944728,0.7503282431807977,0.878510470170605,0.8296096695735549,0.9370152292886067,0.8844444674887727,0.9243781606149398,0.8917688845686406,0.9396158381832783,0.891242727291539,0.8207258548031587,0.6593895853966655,0.8274222035265453,0.7496252360097904,0.815454200687454,0.6978537417878291,0.8325561508048384,0.8088883265845378,0.8574245715512494,0.8339788257423575,0.8731335091073485,0.9288327878260444,0.8737622082894274,0.9559248329225392,0.8208080599815857,0.7510586763634397,0.8110137881966758,0.7922995874658941,0.9294855400636453,0.7989932734947884,0.7041358917594596,0.9035998790937313,0.864316003934012,0.8905037897616902,0.7882023333473341,0.8878793206887551,0.8605246999716005,0.8812847715183751,0.6335884768933817,0.8881797318392675,0.7932069958407684,0.86385240587596,0.7723535961278447,0.8903216294227106,0.8947641329731963,0.8949031571995641,0.9071216840515179,0.9379796900721682,0.6786720369082736,0.8896969589681645,0.9042342068099183,0.8507396701529838,0.8976770907446188
67,0.9564752161425404,0.9371501703714975,0.93398738452008,0.9346400823936079,0.9392459392697475,0.9137905665520735,0.8687890315655322,0.9372745724404311,0.9617550321071815,0.9257194901702621,0.92578751879124,0.9999999999999947,0.8770132065217279,0.9392250486256006,0.9702933091256616,0.9441012910894977,0.9522708477091324,0.8929391791247622,0.895779549817698,0.8660722327455233,0.8094409168740798,0.8334853702086401,0.8038997693229116,0.8162714031129534,0.8006411481620032,0.8492401070456881,0.8578011234227562,0.9064800295702897,0.9303696490927921,0.9580680611163329,0.9339554918812915,0.9728149635472038,0.9226400118605342,0.9033719230953852,0.7719103265249024,0.8286096613272826,0.8130968999310251,0.8620709477511895,0.7765021216020935,0.8391954359958262,0.7960300940240437,0.8331888115617193,0.8796698868721153,0.9156052348419146,0.8725868562923621,0.9153314248206716,0.9159723104205182,0.8583120216368652,0.8603139750119481,0.8660733631989658,0.8138653610652222,0.8831393020280595,0.9042061774276435,0.7950901250329622,0.825161910850583,0.8977186779448685,0.8535353631446875,0.9145290637401947,0.9038324783139217,0.8894461997045275,0.9384409335090257,0.772955608140912,0.8952403422661341,0.8276078549582403,0.8946649065290573,0.8335226009370176,0.8436399271860155,0.8537714934343883,0.9010633070388643,0.9273020974154744,0.8979367309076572,0.7824352599201074,0.7759486579831756,0.9588614372648941,0.8954733691895114,0.9448758713771997
69,0.8535701529393228,0.8794333123225164,0.8722021147743417,0.7903022215646367,0.9294110501759097,0.8731241848341575,0.6547398102121166,0.9087314546358721,0.8277324676664997,0.9531522029618968,0.8028789144614237,0.8770132065217279,0.9999999999999964,0.8199234946541807,0.870045529726253,0.8298213761919686,0.9089126759211775,0.7497555038397761,0.8493136528497309,0.7945816623864237,0.7859652504223472,0.7918705701402121,0.7864296382421592,0.6553334991927549,0.7295847989609676,0.6527145908661858,0.7584607164612192,0.7449563693124116,0.794665155223181,0.8877939804437159,0.8587332332986991,0.8485379408944672,0.7687244698599146,0.7456398724921547,0.8226388250032194,0.7273681806313103,0.7490466790061721,0.7528812016925791,0.7442230027798369,0.7618173942517523,0.690266624144639,0.626917788347568,0.7426462512208485,0.8912590055175267,0.7133183163141326,0.911618912619498,0.7814544607455874,0.6147761651311215,0.8507191137131539,0.8885184918432111,0.8318673716793832,0.7445734039092127,0.807696928097692,0.8874042759860992,0.6455773948585121,0.8231682020594865,0.6874975251827115,0.8449319855530183,0.8065536297177907,0.7849247415993074,0.8456859109522274,0.8662735044561157,0.7870869550442376,0.7216487098613629,0.7955674004677988,0.7965569656168646,0.7470054850621375,0.7269759850713717,0.7528573452332172,0.8376249901231293,0.6710310476096384,0.9235712643596579,0.6230142345124527,0.81417851253122,0.9199696052246429,0.8480064554379196
74,0.9515216616645704,0.9333022208668547,0.9388688633164143,0.9495146591802084,0.8902456624597018,0.9235140573285894,0.9020477417780691,0.8598769636258273,0.9503135348638627,0.8876050496928461,0.9561739567706687,0.9392250486256006,0.8199234946541807,0.9999999999999944,0.9135871563336009,0.9098251247369086,0.9025277519008454,0.9061773306896166,0.8680419514179318,0.835432697311363,0.7777328455449899,0.8435248412409377,0.7942379019331289,0.8542226050714784,0.7913106053666179,0.8651313375827895,0.8507907746360266,0.9111790557158508,0.9166703183877122,0.9199929430005608,0.9198928131424112,0.9368307596289718,0.9004174859980706,0.8538858440804482,0.7390184186010829,0.8931122595550606,0.8119538646678386,0.8325075514479068,0.7575079830984449,0.8551258603012207,0.8356348139514712,0.8314195424738959,0.8557205532826281,0.8972569133620786,0.9199540732756214,0.869846608277423,0.9374928089386381,0.8147452716004258,0.7489819941281337,0.8534662659108949,0.8591809882331288,0.929249942122699,0.8182332722327924,0.7261478714761981,0.8991917563104626,0.858464769443211,0.8511257299163448,0.8657558132855119,0.8845301592222246,0.8666275999235384,0.8804269219928694,0.724452013332676,0.9396357459361401,0.8050921146866634,0.8445835095579364,0.8352522755242505,0.9129886590310275,0.8946821301950872,0.8525286331612734,0.9037951321036534,0.8842401104174757,0.6958988173515337,0.857512593411071,0.9421769979766239,0.8134120030842281,0.9367602420610712
77,0.9487951574738631,0.9412851301668806,0.9350788023789495,0.9331988971695617,0.9380006151242462,0.9174977135657613,0.8820310157813261,0.9350790515539514,0.9318598137218415,0.9303195300680698,0.9259780826469215,0.9702933091256616,0.870045529726253,0.9135871563336009,0.9999999999999947,0.9330177262547703,0.9216241302016266,0.8753052542866325,0.8775267537582929,0.8546580017800428,0.7758544972678805,0.8415861425775211,0.8091505662377196,0.8391750765675382,0.8063218118424615,0.8628590098288966,0.8623504987276966,0.8898114373405149,0.9000684555382641,0.950510387162288,0.9148226208706222,0.9728771956392224,0.9123123341837643,0.8767599876132858,0.7582778438595701,0.8058986868625163,0.8142659442086451,0.8541500534189377,0.7770467832790617,0.8564051307057745,0.8155546744896847,0.8437047594843478,0.866070357769444,0.9102338185507526,0.8686263040657771,0.9119702688667864,0.9038070488304295,0.8441919343247972,0.8585189115950032,0.829803404943442,0.8042480504710595,0.8777591176842054,0.8989610416510455,0.7999788569738077,0.8359089244150483,0.9138482804312084,0.839711625104148,0.885146151850935,0.9018532714417221,0.8703531583483478,0.9191655041448208,0.7228653611367795,0.911531848076525,0.8559811143745696,0.8959474983660218,0.8139539899418945,0.8596365380273084,0.872985514085764,0.9026066503235116,0.9189092347615594,0.892577260740652,0.7779582188165177,0.7581591467702992,0.9471384442866831,0.9059840515685589,0.9189914761677761
81,0.9432331434542459,0.8997644765926883,0.8978881500199588,0.9442568644995901,0.9196138143957111,0.8751181432407807,0.8734507365913518,0.9245424530650275,0.9384511319226571,0.8621697736555239,0.9318196835778382,0.9441012910894977,0.8298213761919686,0.9098251247369086,0.9330177262547703,0.9999999999999949,0.8886341457124144,0.8950732615844343,0.8808830230838196,0.8715924832330152,0.792017723499811,0.8355427351821272,0.8177712951770485,0.8637775104458727,0.8279491963640334,0.8829836535296055,0.8884455500629707,0.918176508358625,0.9206675879051959,0.954530604325548,0.9405492362893131,0.9547002553114309,0.9632919739472585,0.9010345186751036,0.753946465945961,0.8159217366982778,0.8154879660368416,0.9169805165975627,0.802761771773732,0.8667655079911419,0.8214037237982929,0.8670323310330347,0.9134353638221252,0.8915883609608338,0.8949895186694136,0.8761074861844581,0.9313057717125883,0.8808119980615898,0.8794231736506528,0.8205697307872781,0.7228586349635912,0.9054638525363389,0.9265179859150258,0.8116543847524584,0.8322041548284741,0.8340746790464421,0.9031627085937053,0.8681719276196465,0.914539024652721,0.9086825729175056,0.9130321979607394,0.690025214197744,0.8632783526137697,0.9067198778861545,0.9412547230349642,0.8011950067174008,0.8018421551105841,0.8835853629930481,0.9280709791544453,0.9441917988462968,0.8931601404037789,0.7164451804452209,0.7553008171747885,0.9185462505732702,0.9002062673073472,0.9304213756676986
82,0.9501738864457666,0.9284635002233439,0.893646747150862,0.8866324528611965,0.9539760134449252,0.8932916015691895,0.7573876182219803,0.8931386796268068,0.9031850557073774,0.9435241461074673,0.8474942888220267,0.9522708477091324,0.9089126759211775,0.9025277519008454,0.9216241302016266,0.8886341457124144,0.9999999999999936,0.8780645843197479,0.9381636167767208,0.91424166224433,0.8928767162883533,0.8949282982210987,0.8542267980890068,0.8070134384478372,0.8420915100500521,0.8049707112750724,0.8721949236896692,0.8634340243970174,0.9232654747321539,0.9441436942135607,0.9440635863912679,0.9389929832347627,0.894973303498541,0.9149137390376576,0.8824240624987721,0.8671136194395039,0.8662051216067037,0.8767607774014302,0.8647241911233738,0.8626421681151888,0.7989149885020868,0.7685807854191528,0.8813549183822812,0.9552291313139694,0.8236078020282308,0.9108164675617768,0.8411767970230469,0.777309534476625,0.8893934312204145,0.9249109544383812,0.8579136345212407,0.8099368225763046,0.9059944053714397,0.8741076044394949,0.7865531261351194,0.8574786859745379,0.7577018983364393,0.9649531569563937,0.8966452307237264,0.8822722022331828,0.9320770581255149,0.8583196273790291,0.895231820223095,0.8216283161844549,0.9002459372705865,0.8832941935908052,0.8106760457027571,0.8064960960187941,0.8260756966653202,0.9092708025757683,0.7949976066753929,0.8349393488557859,0.6730826533919179,0.9040046862486961,0.8676575625187392,0.9427076252396029
83,0.93380337311283,0.8753060470973886,0.8246623640476465,0.9011496492792541,0.843250403645146,0.8122271509824844,0.8338790852279457,0.7869587676802817,0.88651660820378,0.8136239012851206,0.8775778188008077,0.8929391791247622,0.7497555038397761,0.9061773306896166,0.8753052542866325,0.8950732615844343,0.8780645843197479,0.9999999999999942,0.8860916172885753,0.9309223659630115,0.8672723323803273,0.8874347574630581,0.8094984711427696,0.8568648199489857,0.8225504125717283,0.8769668513001219,0.8566339090118698,0.9091368864406479,0.9427909475871544,0.9177266108834243,0.9072327681034867,0.9266873874992951,0.9494851514792264,0.9505209033177634,0.8027787639149038,0.9274457214669989,0.8749028954104802,0.9150849132683833,0.8133710011443749,0.8887112404000408,0.78666971101771,0.8331056728862752,0.8968363013124873,0.8710972950242285,0.902244996278173,0.7878440930758581,0.8521144105567211,0.8672571114691834,0.8020084189931613,0.8263205752195558,0.7909236341023574,0.8755805691199195,0.8291801212298067,0.712944825433503,0.8599162466474433,0.7782832618178428,0.8120062131953896,0.8594980539143549,0.9567998582207332,0.8766904461045683,0.9333218602706519,0.7182719039814265,0.9090137552508665,0.8523626040967314,0.8469003663370447,0.8307322299232315,0.8147465704640721,0.8029462062951616,0.8060997738125806,0.8639156552948782,0.8628061276458192,0.6269056680747342,0.7398244895507982,0.9009431113692902,0.7632947997317832,0.8793379706074218
84,0.9090699533498876,0.9020265069399138,0.8446854507896618,0.8389741308117924,0.918488982680597,0.8369965000295444,0.7015802641956252,0.8289255398240918,0.8185160029178031,0.8916908031724894,0.8135645822944242,0.895779549817698,0.8493136528497309,0.8680419514179318,0.8775267537582929,0.8808830230838196,0.9381636167767208,0.8860916172885753,0.9999999999999964,0.9332600263309282,0.9412764222067531,0.9368319411908924,0.8927127649154801,0.7991692241285001,0.85009840737199,0.7893743164100482,0.8798088414814037,0.8276022064877044,0.9119502502893035,0.9218152128312518,0.9411992502512839,0.8954082765723241,0.905390549719094,0.9217812706470647,0.9206949177897469,0.9042343583541167,0.9234678103823184,0.9144194756135942,0.8975136353852611,0.8804003198759408,0.8047632205719522,0.7206281946101282,0.8718214557127149,0.9279517148471471,0.8176571987191319,0.8747665812762576,0.7718285518813781,0.7426261640939654,0.8982624237707442,0.9001401877309189,0.8230523609875533,0.8148433591388339,0.8931045837689504,0.8569574039711907,0.7787642091936215,0.8114295860143987,0.7023052093617613,0.9167315351914263,0.9026188996878148,0.926378525761782,0.9037772129854528,0.855547224886189,0.8790232978958685,0.8894704179316923,0.8742948302710979,0.8432092877079703,0.7711465496896277,0.7997057389476899,0.7540305330839595,0.8520519151219771,0.7398118780195176,0.8039824307779677,0.5862033138046141,0.8584750758018151,0.8249025764031572,0.9040313197332568
85,0.9112192042280276,0.870476340000797,0.7934213601425502,0.8357143512267153,0.8680533925758861,0.7971292823987873,0.7095405747942968,0.7821054393198061,0.8146175366974082,0.8247027243064757,0.7934531562933607,0.8660722327455233,0.7945816623864237,0.835432697311363,0.8546580017800428,0.8715924832330152,0.91424166224433,0.9309223659630115,0.9332600263309282,0.9999999999999962,0.9316968543966015,0.9618426055123057,0.8912712506358851,0.8436834317289653,0.8780166907873993,0.8229540232570295,0.8884121015723716,0.8420808960946654,0.9278052507576156,0.9024102350864937,0.9353936695942658,0.8945559099727647,0.9352692697046235,0.9454408421595523,0.9262120058853222,0.9077179799067134,0.9506612581411785,0.9458749413754635,0.929395353776506,0.9119790233825065,0.8106419872809834,0.766128505516395,0.8936330996663809,0.9005355948259075,0.8382070318652697,0.8049437666064363,0.7797537065443132,0.7708480313146164,0.8798585020883132,0.8700470443915017,0.7894922244428384,0.7848573336679028,0.8823244424864534,0.8212049592428688,0.7941994824925942,0.7687373724179843,0.7103106353705083,0.8878749137054581,0.9193918795526653,0.8938905913777617,0.9426569123432927,0.8023814608134487,0.8780661001818489,0.8970602890009048,0.8928833767573485,0.8718474038246895,0.73284372088451,0.7767093487356367,0.7476243734090595,0.8537999245891179,0.7466969550905985,0.7188117135591159,0.5861512646735498,0.8344739861570936,0.7740716885089768,0.8849823159544722
93,0.8604116301276471,0.8320546044446709,0.7415400882776939,0.7566056371720004,0.8578409157522886,0.7497312048516744,0.5980568360644726,0.7374762508715543,0.7274847571209758,0.8075680127352558,0.6988312634049182,0.8094409168740798,0.7859652504223472,0.7777328455449899,0.7758544972678805,0.792017723499811,0.8928767162883533,0.8672723323803273,0.9412764222067531,0.9316968543966015,0.9999999999999971,0.9251260662720087,0.9069018553098234,0.7504354928871396,0.8679121477581578,0.7349957640326178,0.8506930138916272,0.7815158352802237,0.8982332002664405,0.8698803972622025,0.9018986167392579,0.8339276918518442,0.8610405086123124,0.9006314680704492,0.9428006561817595,0.8991798609074286,0.9310805156097112,0.9167958282605463,0.9265765794788551,0.8807645810100383,0.7591777453702755,0.6684683097111104,0.8606619499787541,0.8876191987571462,0.770081776626401,0.8081674606335737,0.6901940899053195,0.6933848670844639,0.842139681031046,0.8735118943303605,0.7945186830954493,0.732201459600035,0.838532587884393,0.8390876653866022,0.7116422255581095,0.7313177120738125,0.6167997922216013,0.8864764376860359,0.8632146699808672,0.8624205828581438,0.8678667105857184,0.8999194350381131,0.8052700666805562,0.8415982181158609,0.821945056060712,0.8685367090021792,0.7001768879833011,0.7018702858883833,0.6776797519397568,0.797280533502707,0.6525996490321027,0.7493229433861296,0.4899358517690322,0.7776565201604388,0.72071498687661,0.8200512163775519
98,0.8980117657176557,0.9057599534518201,0.8253524899839592,0.8251823493072528,0.8794976950000577,0.825623252361705,0.69145583698545,0.7805282090360102,0.7715823061472852,0.8176270448166167,0.7907644524203725,0.8334853702086401,0.7918705701402121,0.8435248412409377,0.8415861425775211,0.8355427351821272,0.8949282982210987,0.8874347574630581,0.9368319411908924,0.9618426055123057,0.9251260662720087,0.9999999999999956,0.9374515114299591,0.8680046964570954,0.9253675532597193,0.8220572018796307,0.9101430823742337,0.8291193511467938,0.91746096184418,0.8813208715558526,0.9383752750024161,0.8722697915395068,0.9081630969771677,0.8879365933100307,0.9303676939036554,0.9308909259489435,0.9840265786604168,0.9295882027046651,0.9569799154887464,0.9478203467767713,0.879239087257686,0.758989270817048,0.8873508535699747,0.916916190079818,0.8425282696515451,0.8348120394637025,0.78203118465031,0.7009711577047157,0.8254376068399645,0.8672569305358891,0.8361060427409435,0.8162950682363227,0.8589544386356275,0.8178797070301637,0.8293465218946688,0.8087805690050137,0.6823576856622243,0.8736237006361062,0.8680322384739856,0.8679642262879922,0.8940980469892238,0.8311400901942346,0.8985266932309489,0.8982635931753851,0.8789269137133466,0.908998865347559,0.7911989557719555,0.832281579012311,0.7106909673463436,0.8390157772099379,0.7061618800997022,0.7435106469305995,0.5802169083029879,0.8177253330365196,0.736657463050465,0.8510421798750121
99,0.8752511773907569,0.9030918757091883,0.8381910864390117,0.7913215415890009,0.8800888718874027,0.8412008528154195,0.6566389613537749,0.7781556428696749,0.7213619307571454,0.8080377571450779,0.7381269339178356,0.8038997693229116,0.7864296382421592,0.7942379019331289,0.8091505662377196,0.8177712951770485,0.8542267980890068,0.8094984711427696,0.8927127649154801,0.8912712506358851,0.9069018553098234,0.9374515114299591,0.9999999999999969,0.840152152149409,0.956116544706932,0.8096635033577989,0.9365048195297686,0.792785824798166,0.9017988928076055,0.8484336736603127,0.9251107784538909,0.8425356630215468,0.8716341559084951,0.815420078513767,0.9097026325308287,0.8718839876125487,0.946066142905199,0.905537029571565,0.954345229952719,0.9592717525709319,0.9199026297665943,0.752417726736545,0.8845029697727843,0.9116899689127901,0.8314835551981872,0.8577341593619315,0.763379353213041,0.6412471002023467,0.7872396628840724,0.8765232420452623,0.8183325242106436,0.7734700171423766,0.8394197002249171,0.8643425937913901,0.7950843908175314,0.8501072130833954,0.6616908320153659,0.8351738889060933,0.8032463003780165,0.8672850075517338,0.817557517921737,0.8504399074833355,0.8198226151069952,0.9109205088453328,0.8692358488974108,0.9488631063294275,0.7954385498289781,0.8409843597884334,0.7118354248865838,0.8321903368650934,0.652044319880937,0.7879488310663033,0.5294773178181479,0.7653048620634193,0.7086817198985789,0.8322736372659167
104,0.8988581055654415,0.862568855829674,0.8507397955615691,0.9262676668977298,0.811981907024383,0.8147205078403541,0.8608414977965391,0.7669899186274287,0.8199367594939306,0.7247650464404725,0.838558924944728,0.8162714031129534,0.6553334991927549,0.8542226050714784,0.8391750765675382,0.8637775104458727,0.8070134384478372,0.8568648199489857,0.7991692241285001,0.8436834317289653,0.7504354928871396,0.8680046964570954,0.840152152149409,0.9999999999999947,0.895049952232003,0.9626288651970625,0.9307181569279994,0.9111210929465553,0.899314179025637,0.8544908932952977,0.877512203287615,0.889676690056484,0.9172438069419429,0.8491039443999601,0.7067509048767301,0.8772051682911575,0.8622753421155109,0.9013465671919706,0.8400668540806986,0.9286113633861288,0.9367458855877466,0.9528361805400213,0.9273334504116071,0.8539489014579361,0.9056600631890607,0.7927599887673056,0.8868077145498124,0.8240537150161982,0.6895541756072565,0.7337198710549133,0.7424942289684678,0.8840352454201106,0.8359637840797802,0.6821095184899176,0.9156632474053807,0.8116927410525058,0.8596264962245365,0.8147987864255952,0.805710350419977,0.8102615055363916,0.8334159465296754,0.5944389746442821,0.892280411637424,0.8830081874138651,0.9039605758411585,0.8447117604914962,0.8731602280743215,0.924528893773057,0.8423874356067919,0.8616504681132212,0.815557712379287,0.564177048099923,0.7453961982681507,0.8390625656815512,0.6646201215568073,0.8254130722391857
106,0.8818197633842344,0.8969052671273869,0.8230677081722451,0.8263084044816863,0.8796069759801208,0.821374194610258,0.6960619139123242,0.8020482365686856,0.741735554458498,0.761890359234423,0.7503282431807977,0.8006411481620032,0.7295847989609676,0.7913106053666179,0.8063218118424615,0.8279491963640334,0.8420915100500521,0.8225504125717283,0.85009840737199,0.8780166907873993,0.8679121477581578,0.9253675532597193,0.956116544706932,0.895049952232003,0.9999999999999967,0.8591484459178135,0.9637072888996141,0.8400953307755086,0.9242697679975965,0.8441107553861548,0.9259106623219976,0.849922878274303,0.9052640941937069,0.8338698350352143,0.8495870151376984,0.8536975407757087,0.9376839374303942,0.9220551343751894,0.9566900905716205,0.9634655567210253,0.941500402212422,0.8326719977416428,0.9488798926406713,0.8988686045713633,0.8462593368917394,0.8402009041046082,0.8113687696265379,0.7040838724646603,0.7805374318878989,0.8096669221189352,0.7557611352350209,0.8061740517703171,0.8623593109425163,0.820972465417012,0.8311630607786793,0.8466663766765898,0.719643092316467,0.8590010875159223,0.8031958815601631,0.8277415865462939,0.8197963191064169,0.7751064949932979,0.8036117452573477,0.910295353424571,0.9011601700041149,0.9532013325260474,0.795934266244347,0.8780410814970522,0.7539737864861223,0.8767383412107357,0.7006716067568123,0.7223041910940537,0.560046037668587,0.795730012478197,0.6779561999978263,0.8082494483513343
107,0.9113405988411323,0.8670606980893977,0.8676278069020772,0.9322647898024342,0.8240063885770326,0.848194872792235,0.909316421925687,0.7861089867015569,0.8618945722224942,0.7325149516218548,0.878510470170605,0.8492401070456881,0.6527145908661858,0.8651313375827895,0.8628590098288966,0.8829836535296055,0.8049707112750724,0.8769668513001219,0.7893743164100482,0.8229540232570295,0.7349957640326178,0.8220572018796307,0.8096635033577989,0.9626288651970625,0.8591484459178135,0.9999999999999969,0.9176677317528297,0.9555964578060829,0.9186200887200027,0.8805522514531873,0.8746560259139786,0.9184126879904758,0.9188471444502799,0.8690708579906883,0.6654416534749725,0.8666841919127204,0.8125819929822247,0.895768568555236,0.7876058237211065,0.9175756752299972,0.9077432744679457,0.9786669779145732,0.930497672581517,0.868709241565759,0.9425764541443552,0.8057303677278362,0.9060408672977921,0.8698584079354635,0.698067461639832,0.7529291300998219,0.7249980711306989,0.8840867835797364,0.834968216327066,0.6754069580436767,0.9376178458135341,0.8380578844059573,0.8925769399274356,0.8024368522506544,0.8570763685264264,0.8450721019096451,0.838083118939704,0.5714442667908692,0.8738192235124983,0.8652394199656505,0.9069893628786371,0.8201482977912581,0.8848736013993278,0.9173574236476622,0.8997540494671337,0.8778692725598376,0.8952640892255916,0.5630346506398545,0.7873262521287349,0.8447544894628275,0.7026347431828458,0.8410363000358511
109,0.930622685728077,0.9241336758511641,0.877125812109288,0.892920562894801,0.911201393087609,0.8838680960343689,0.7936847102974275,0.8387453930034645,0.8048491187102218,0.8204727583710485,0.8296096695735549,0.8578011234227562,0.7584607164612192,0.8507907746360266,0.8623504987276966,0.8884455500629707,0.8721949236896692,0.8566339090118698,0.8798088414814037,0.8884121015723716,0.8506930138916272,0.9101430823742337,0.9365048195297686,0.9307181569279994,0.9637072888996141,0.9176677317528297,0.9999999999999958,0.9027625058241536,0.9559202455240955,0.8967883953256648,0.956683572748553,0.9000456698231905,0.9352202471914481,0.8609761192016607,0.8261323797911123,0.8811479927985607,0.9226298712517857,0.9268247515676333,0.9302099326733103,0.9653129454119594,0.960964550580734,0.8843400199483511,0.9666245172521939,0.9371984630203268,0.9212202881457187,0.8920517882047796,0.8607360194998006,0.7628670613133216,0.8076092987046718,0.8417513666780175,0.8010565682123507,0.8406454914288171,0.8751137545153883,0.8394882889769714,0.8882778856504261,0.8843558229506389,0.7866014365073323,0.8749395822064681,0.858170951756025,0.9072578822492124,0.8559324139704986,0.7334379609136129,0.839595375900353,0.9415137412011603,0.9353966673619715,0.9308423212682139,0.8510400182864195,0.929285984025885,0.8342300397181914,0.9304184569459759,0.7818523432230559,0.7394693740267579,0.6463886761325109,0.8417503359846671,0.7311112734942612,0.8833586582144791
