A,23,32,35,36,37,50,53,55,57,59,63,67,69,74,77,81,82,83,84,85,93,98,99,104,106,107,109,113,114,115,117,165,166,198,199,233,234,240,241,249,251,252,254,256,261,262,263,302,306,317,325,334,335,336,337,342,345,346,351,353,354,365,380,383,404,406,411,416,419,420,421,424,425,426,428,435
23,0.9999999999999964,0.8538664829505581,0.7692562495192861,0.9186567311401436,0.8585268042805515,0.7554254571830353,0.8170756734856252,0.8358528667410796,0.8774072089830746,0.8711782547049784,0.8965548079101241,0.8322319295919662,0.8782076699014788,0.9294603369600791,0.7411429678374442,0.8393250419613028,0.8252227173287284,0.9156561121703295,0.8382792464325446,0.9402758137675369,0.8779504321251789,0.8796399519618692,0.8326789457911303,0.835064033393517,0.8248455087131106,0.8691475377704514,0.8190746358825265,0.9105346643226506,0.8627699405428992,0.7701917221351743,0.8825566085947864,0.9249994766628765,0.8411761850933298,0.8973347702576666,0.9281205862554459,0.7739747746372171,0.8768844804702699,0.8668152892495479,0.6956903301334985,0.7256445933978672,0.7740995083737592,0.8432986628943654,0.8630104005965825,0.7863138587839564,0.8957400732160847,0.7350746244544565,0.8084683345983872,0.8179107600401255,0.7910921210185031,0.8257900993217412,0.6515008022912958,0.6998790259370914,0.6727737345796585,0.7717930582207843,0.9001934714029856,0.44176591067782855,0.4523743461272047,0.7774368066082405,0.6935742695940081,0.7455521072898726,0.9288026487438529,0.7343532699202808,0.7578326474322509,0.8148934254774979,0.7097006108211404,0.7376397635079771,0.8231051676270974,0.8315871610203187,0.7798440981140976,0.8597293355784571,0.7714470715207903,0.42155771901762756,0.6459176629107358,0.857960916791275,0.7518149047995099,0.761102080300065
32,0.8538664829505581,0.999999999999994,0.8387509960012608,0.8796126500315663,0.935987347499866,0.8582846345112124,0.6934221464927127,0.9177582043203412,0.8838261369264621,0.8541588651178773,0.8563736281610688,0.9468660118102338,0.8862894092220137,0.9290675940334715,0.8648062618706516,0.7713691301234746,0.9149461703841985,0.9003033634914526,0.9089225199747215,0.9150222962458009,0.9697403763570952,0.8822168076533203,0.920708306801935,0.8122733726455504,0.8415688221095682,0.884619043412413,0.8596959431111844,0.7907474514241091,0.9011283882153044,0.8314982440414868,0.8864882541798853,0.9310940534476368,0.9106010054931921,0.8725649919824298,0.9270856814686946,0.8793476773858245,0.8241733132925637,0.8702594602682518,0.7982398828423151,0.609225326710941,0.8230638110001357,0.8272683768037257,0.8025844475820565,0.8125050411832226,0.9298344865450862,0.8404511944274885,0.8966423012783771,0.8045232653471096,0.885780948929583,0.8674008039477263,0.6942402300469945,0.5830195140543385,0.8214885194774559,0.8133968937994187,0.7786582202266069,0.6093132844445741,0.37735897353916414,0.6836234464817403,0.7488056657519235,0.766390267272526,0.8144102275474459,0.8793339575895586,0.7780450733596322,0.7930640759178263,0.8287939684488564,0.834397595329878,0.7237902243850972,0.8754656182333443,0.8371140254624356,0.7752707811118923,0.7184541295110787,0.5974465731436692,0.45521166748113573,0.8640541263857807,0.7832194418998224,0.8047265415158587
35,0.7692562495192861,0.8387509960012608,0.9999999999999942,0.8062570752846842,0.9042707908064707,0.8810699571366257,0.6504649224742262,0.8593192078516017,0.8318910957010368,0.9143226491622982,0.7359259082610978,0.9205109071168922,0.9571139094542658,0.8497163298755253,0.9437266864794986,0.651771397571581,0.9233703098412128,0.7839108997284666,0.8948792808095881,0.8987576322370102,0.8604974690400163,0.9485264176644947,0.8802435692549319,0.8379010621334633,0.7317004413282562,0.8933505792431169,0.9168450411394056,0.7109608401767407,0.8623101973990603,0.8743989597780865,0.9264351998221384,0.8773302271296457,0.9251376429026238,0.916610295449164,0.8638484245158496,0.9461196491863844,0.7874658009438288,0.8678837558698144,0.8886852121719215,0.5359431776161637,0.8382514328926606,0.7642702056309154,0.7884168710072017,0.8503766535030195,0.822315888925839,0.9332274313642369,0.9139567907522992,0.7066320437105725,0.8591625516020577,0.8806684828621048,0.751410698393256,0.40156253517403095,0.8024414088829026,0.8893353169808159,0.608071771198217,0.7043430880331428,0.2814952525784396,0.658677773349588,0.7508481793945292,0.7511613636973584,0.7922613679518029,0.7783433346351593,0.9138482724580724,0.7547862387742976,0.8445827573161697,0.8232781329256237,0.6998105165491181,0.7944434449008542,0.8907530363127535,0.8413801251322847,0.5579422955821943,0.7270278478073414,0.36671212961188043,0.7610140815068525,0.8446873502285728,0.870070597211546
36,0.9186567311401436,0.8796126500315663,0.8062570752846842,0.9999999999999958,0.8581298546988264,0.809670490294247,0.7931206248769815,0.8711889773998662,0.858877810887863,0.8955253007105275,0.8568671885278764,0.8651953889696288,0.878198162603552,0.9591784349641163,0.7558622735665961,0.8510207529319137,0.8732179754651321,0.9186860237201033,0.8894280164020779,0.9120014793959853,0.9170287934184764,0.8917914985984582,0.93309342941333,0.8151478768778492,0.8723626493359584,0.8639175815481177,0.8168823405484125,0.8299653500986557,0.8790999546607497,0.8034114575709411,0.9048223166210936,0.8783417832831755,0.8426595098084912,0.902227793614584,0.959921569275763,0.7953572188324842,0.8499714993176598,0.8685065570857472,0.7017004089436841,0.6992477983398128,0.7946959679521588,0.815633592313755,0.8214796943895263,0.7338694342576763,0.8739695462397985,0.7993384864034597,0.8628482288524657,0.8072908674746953,0.878303149359366,0.8771945667437018,0.6517917129090292,0.6927270604865581,0.7738600983259137,0.8142828701769403,0.8739033233010283,0.44955438897310307,0.43024331904459384,0.7940653638745819,0.714032554121483,0.7570047561318193,0.8403893036270741,0.7156128805594386,0.7459626467142065,0.918879540910097,0.7731097228112772,0.7630517780276118,0.8010212226375246,0.8442028808694892,0.8229922218394911,0.88194208044071,0.7364354603959801,0.45582190794927124,0.5633031171279247,0.8658000444295065,0.7510038437005924,0.8158579459746769
37,0.8585268042805515,0.935987347499866,0.9042707908064707,0.8581298546988264,0.9999999999999942,0.8909545849035304,0.7415629722536003,0.9309235603281062,0.8940183650122941,0.9102860932402536,0.8420488930657971,0.9465978222843274,0.9182628179511659,0.9315898003922154,0.9187172924800496,0.7594428196142176,0.9537309854973473,0.8854011892675406,0.9159658194624796,0.9326817138516441,0.9249970430542882,0.9536267255847313,0.9197768569117307,0.9212146437975296,0.8427593642403921,0.9387164060090921,0.8834162411432515,0.7967447693862709,0.9325183617633512,0.85640435229027,0.9286173071738568,0.9469961353486788,0.9396457998188753,0.9122787575301181,0.9333523195786043,0.9322634816343764,0.8617470115658978,0.921025159859619,0.8581881024534491,0.6438345299145396,0.8936055540264334,0.8435655818937048,0.8183150023461783,0.809332394843563,0.8845862321078226,0.863908517622423,0.902779948513279,0.8434481200285295,0.8807173704070066,0.8870206873529682,0.6935249143802386,0.5482475542218693,0.8701708979961166,0.8525001876420913,0.7794461506785018,0.6538546843230411,0.3755704921052363,0.7354731831135819,0.7881285092594101,0.8018602142591351,0.8323641902035455,0.7942563698472543,0.8260760725381578,0.7668849197889389,0.9081443786512264,0.8427547391104191,0.7572794427695859,0.8989136119229323,0.8669533024016182,0.8502521437960207,0.7264967421092972,0.63452306194189,0.4551500475380922,0.8776144213634671,0.8260122040650182,0.8353349276208177
50,0.7554254571830353,0.8582846345112124,0.8810699571366257,0.809670490294247,0.8909545849035304,0.999999999999996,0.7086495051003204,0.8417066202873555,0.8351656605882032,0.8836976720409134,0.7449292461186777,0.8537394514119085,0.8752362912424504,0.8626178673774106,0.9023796926910553,0.748925380342407,0.841610974468506,0.8104388269890919,0.8463442889347583,0.8782050791534368,0.8770471582626004,0.8990360199124902,0.9269315492155552,0.8794607333379522,0.8567393795924884,0.8417640275364661,0.881548470805814,0.73961213203971,0.8508207888777128,0.782042721031691,0.8587325706045806,0.8840501959040494,0.9385664822324239,0.8746714303781483,0.833148441318155,0.9001113027123718,0.8938161898916726,0.8879808510787167,0.8935949916470194,0.597489407507219,0.8224083093500293,0.7711217194285133,0.71365927889161,0.7105412240221634,0.7810781651162835,0.782767601188182,0.8653151817112937,0.7622588324240506,0.8674419480530331,0.8447762877172321,0.7244358695790472,0.5259663444959584,0.7986251854021633,0.8612309834104314,0.7061544968034381,0.6675813492357606,0.4248311072719894,0.6096248547447959,0.6626376690386075,0.7692721143705327,0.7307336130872891,0.7050089857634144,0.7579588687915405,0.7112870223398642,0.7899926684105347,0.9249656598683195,0.7945666895509053,0.8545204172723793,0.8728994430512698,0.8457356161594775,0.6304543926583243,0.6278553736894926,0.4484851163005601,0.7402891814048563,0.7388295570503345,0.8295704709047146
53,0.8170756734856252,0.6934221464927127,0.6504649224742262,0.7931206248769815,0.7415629722536003,0.7086495051003204,0.9999999999999949,0.7009545563523112,0.8373908509317606,0.7274948211920658,0.8606658157508615,0.6916008448526713,0.7286557688235173,0.8260104426960931,0.5868514508552561,0.9321740513211023,0.7102647596635725,0.7972464156300217,0.6868548781553385,0.7486104958113264,0.7670494829025721,0.7967859783156703,0.7475391077436739,0.889004164496172,0.8660961175458494,0.8395978709414859,0.6175366494613557,0.8995486912114915,0.7997894086007762,0.7184657451109763,0.724873338259685,0.7979719194395173,0.7630119135428858,0.8689598032204371,0.82754375279886,0.6060613026191825,0.9000376699778211,0.8700995500074676,0.5968821691854705,0.9291236232403488,0.7625623155749265,0.8005053118648123,0.7235728165168654,0.49491736063911684,0.7396399888781635,0.5234901575095728,0.5865903262709475,0.8503392455224467,0.673873633661574,0.6648498232392613,0.4601403915884396,0.8286580301453778,0.6921906897355679,0.661996150608082,0.8909567845853622,0.2510610441704852,0.7447987080479236,0.8860485643189785,0.536315086255889,0.65694104683762,0.6887455935271828,0.48740823990387916,0.6086832658043558,0.6831692230560327,0.5948590514788975,0.6545252549546585,0.8997896561971978,0.7952418061477488,0.7832613877568732,0.7910858072046763,0.845587077940907,0.2590443816055587,0.8494380581622181,0.8472068501076656,0.606084700023082,0.6177785460873968
55,0.8358528667410796,0.9177582043203412,0.8593192078516017,0.8711889773998662,0.9309235603281062,0.8417066202873555,0.7009545563523112,0.9999999999999967,0.819829000421401,0.8513697518811402,0.8353406578948945,0.9491981820875195,0.8819612251217747,0.8871211871412311,0.8782824820506214,0.742807073424793,0.9461066008419299,0.882428022351683,0.8539266197662619,0.9195519064972234,0.8973812372468427,0.9178612757467325,0.8961425789627818,0.8412868335303643,0.8534883123473501,0.8958812998623918,0.8736248341670031,0.7278092740696829,0.9223566081343566,0.8412005843138255,0.9034304013812464,0.894448883263434,0.8798828856890705,0.8922090096749434,0.9325944898970986,0.8710661621811002,0.789026863720917,0.894124260603044,0.8326090636629115,0.593101758123381,0.8797603200498433,0.807474669694428,0.7793225873445468,0.7912330898627451,0.8340286295654801,0.8533433510176422,0.868732081173354,0.7846735909145659,0.8958655863600937,0.8418734863550086,0.669410661594894,0.5230206809450861,0.8788447886230455,0.8581163975494521,0.7223784817939426,0.6131693162192995,0.34318631668992045,0.7633436048038724,0.7808352012293835,0.6818481746442941,0.819749320797462,0.8068830287280997,0.7770061099168334,0.7576131648365262,0.8511935260186125,0.8513865437130376,0.715541579774011,0.9224306224155409,0.8117246040662193,0.7948833987709228,0.700905873703879,0.629020467897091,0.4360403278751891,0.885549293886316,0.7789763448170313,0.760752803151974
57,0.8774072089830746,0.8838261369264621,0.8318910957010368,0.858877810887863,0.8940183650122941,0.8351656605882032,0.8373908509317606,0.819829000421401,0.9999999999999973,0.8631988409384204,0.9170755071700499,0.8875932494203811,0.9221986902456469,0.9205310981837874,0.7989479189672657,0.8622309735114464,0.8498627497380655,0.9212559403950561,0.888604377320543,0.8753368371147583,0.920874856661258,0.8890554752406593,0.8831678037347654,0.8890946317995249,0.8654363979027669,0.9456416699412922,0.8256199525783978,0.9274733521143257,0.8913015516899535,0.9057266447781065,0.8962546028443673,0.9495694080229864,0.9006077735384699,0.9367825247031579,0.9324071007244388,0.8432635029810722,0.9161912964470136,0.9027004153137586,0.7858070292435604,0.7964675897477409,0.8491163651648286,0.943272971807953,0.8973653866980318,0.7534011965516116,0.9258925565148421,0.7537228032812429,0.8089205516351375,0.8393399420039923,0.7988523285943561,0.7996020352261312,0.6055018760199785,0.6775900852962118,0.749578268121669,0.853231006190494,0.8345973441048645,0.4707838258394486,0.5290356168264492,0.7670935452867986,0.7949952854223679,0.877964315447955,0.8207446574932851,0.73441873984026,0.7808342420590725,0.8031184094836022,0.7601761662961087,0.7911151183534819,0.7932031446829576,0.8065902586242207,0.945523504866277,0.8361361137456716,0.8104913295117265,0.49555285486490597,0.629900625266662,0.8672620180015164,0.8578626470418352,0.8424403123886287
59,0.8711782547049784,0.8541588651178773,0.9143226491622982,0.8955253007105275,0.9102860932402536,0.8836976720409134,0.7274948211920658,0.8513697518811402,0.8631988409384204,0.9999999999999942,0.7866583833462302,0.9005453643981765,0.9342080347215371,0.93534060391213,0.8895511435656704,0.7328797472676372,0.9123227045661385,0.8455060231231286,0.9403168946329489,0.9311036819102687,0.8850546341351562,0.9346704414981243,0.9121959919917159,0.8768339410818884,0.7885067350170938,0.9050982605984699,0.9160821615839672,0.8047484047071127,0.8957384847947336,0.831310403261197,0.9617001766535777,0.907481919478889,0.9338372236446295,0.9154263774611482,0.9115251366830452,0.9270223050234881,0.868730750514149,0.8992496428536878,0.8284756157616777,0.6092303003196863,0.8488120357670716,0.8164085274561633,0.8548319717902639,0.839373045726929,0.8648834125318046,0.8765563573185885,0.9107702232467167,0.7634231266292884,0.8488689340902067,0.9038030281252698,0.7413440411992226,0.5190724191799841,0.7785574077069533,0.8470126145677366,0.7613562088105098,0.6386890944523914,0.3206893339350763,0.6916983062845485,0.7494623348573659,0.8475298813461662,0.8731731714613172,0.7469165392828543,0.8370342948379824,0.8336364890197241,0.8441972848794284,0.7955364599924654,0.7785049689205237,0.8135898867328313,0.8672244156855415,0.9531808596242006,0.6479954822812015,0.6256229721728351,0.4376412613774678,0.8102281710777424,0.8177885653191241,0.9228922990022767
63,0.8965548079101241,0.8563736281610688,0.7359259082610978,0.8568671885278764,0.8420488930657971,0.7449292461186777,0.8606658157508615,0.8353406578948945,0.9170755071700499,0.7866583833462302,0.9999999999999956,0.8427099686412375,0.8456740010251852,0.8939291490867194,0.7052900295893859,0.9000424341902107,0.8063221741712722,0.9246346433896074,0.7816527583777183,0.875419350894578,0.8679765714949462,0.8519755411454761,0.8445284707855367,0.846773027155166,0.9064060269611424,0.902737357074688,0.7194278499457388,0.9105953839906624,0.9181024234354587,0.8878349344472061,0.8322087021370533,0.9042215029990183,0.8220644663432055,0.8977090820606703,0.9241299757103018,0.7315541213535476,0.8843829156496795,0.8930925782286966,0.6923579058927622,0.8321413902919264,0.8657508314451031,0.9420441548592653,0.8122399472622,0.6889419237323876,0.8762482007595147,0.6835481452791652,0.7490763634295219,0.8093045050287891,0.7932939914506688,0.715690932321398,0.48456567345133306,0.7645565536850434,0.7727940542141877,0.8032269577205341,0.8646330815678238,0.3728918739897693,0.5907712009325286,0.821436460151191,0.7556456909689117,0.725260557798643,0.8461389217254037,0.6957366329015382,0.6597836136287337,0.7897734322202873,0.7544048908046146,0.7221885106880276,0.751593564331715,0.8088855101131883,0.8244520058688442,0.8107114228615617,0.9294868652674528,0.40711763608941237,0.7152624357337065,0.8919290333448338,0.7985831881477796,0.6910250957219605
67,0.8322319295919662,0.9468660118102338,0.9205109071168922,0.8651953889696288,0.9465978222843274,0.8537394514119085,0.6916008448526713,0.9491981820875195,0.8875932494203811,0.9005453643981765,0.8427099686412375,0.9999999999999953,0.9424854586001644,0.9121854782049904,0.919381688224561,0.7274520756844841,0.9659594057473382,0.8819256629386594,0.9349785653960635,0.9175451037445154,0.9409506237025542,0.9283703543978225,0.907459465352641,0.8469038364946226,0.8144442601509941,0.9336644225990723,0.9081251158645219,0.7682340919026874,0.9264684700405442,0.9145019518396786,0.9580330873461854,0.9316788079565506,0.9239942351651239,0.9197418188636886,0.9408551503745143,0.9274286320565518,0.8068066435813032,0.8982397389115155,0.8533559865428255,0.5994318186939994,0.8799718540193057,0.8571059638191567,0.8741762001545395,0.8551156980800344,0.9159016572798049,0.9188829547023537,0.9073102539267615,0.7927784284130759,0.8861016000367441,0.8661716837211862,0.6958944560580398,0.48124632354056623,0.8536709395335756,0.8883552215228792,0.7109886890340809,0.647411420261017,0.3122097629865052,0.7351688469144997,0.8206620880917954,0.8077551666297133,0.8394661381267111,0.8622144616482339,0.8578762902094373,0.7838104248463621,0.8745397133355378,0.8578738768160966,0.6970941112472421,0.8506476558179337,0.8768304647105302,0.8106881816555486,0.6900968319798046,0.683811579921852,0.41072647286665753,0.8819988445790474,0.8525395141827059,0.8729687617916251
69,0.8782076699014788,0.8862894092220137,0.9571139094542658,0.878198162603552,0.9182628179511659,0.8752362912424504,0.7286557688235173,0.8819612251217747,0.9221986902456469,0.9342080347215371,0.8456740010251852,0.9424854586001644,0.9999999999999942,0.9119089508198626,0.9185748829263974,0.7444978118202439,0.9240094902386307,0.8739909532346333,0.922603418347471,0.9394753203049705,0.91363419912456,0.9554205818108654,0.9124271932738556,0.8612596470859699,0.8055188088408887,0.9363392579913468,0.9297832211628162,0.8356030301296702,0.9044688846249389,0.9221184361460162,0.9670857244582323,0.9567768226927349,0.9394770068293375,0.9591131260242908,0.9329027435270527,0.9378909345022657,0.8588215778999472,0.9136039172553553,0.8815015033729072,0.6395227060398153,0.8748617096586829,0.864318607296142,0.8855891940104661,0.8910006592384679,0.8964136332219047,0.9120807469375519,0.919531089434621,0.7567987866215355,0.8727581441862908,0.8634613251342638,0.7186181065787864,0.5096697117825061,0.7671663292355551,0.9158530887719261,0.7275404484974357,0.6348988897436642,0.3472642322246049,0.7315408531064573,0.8088986356660589,0.8186283663071985,0.8863091066009405,0.8123824400845753,0.8917567397275636,0.8298584675350542,0.8127297667388593,0.8414681553484853,0.7619157565790129,0.8070793069471414,0.929197598571875,0.8744692431785374,0.6689874025328424,0.666946519975835,0.47521750018269643,0.8419460329926199,0.8944005935026048,0.8919791215865567
74,0.9294603369600791,0.9290675940334715,0.8497163298755253,0.9591784349641163,0.9315898003922154,0.8626178673774106,0.8260104426960931,0.8871211871412311,0.9205310981837874,0.93534060391213,0.8939291490867194,0.9121854782049904,0.9119089508198626,0.9999999999999967,0.8123404725987063,0.8712249053230806,0.9058940853197243,0.9372385852045456,0.9181446294171024,0.9386399125809555,0.9439743940358459,0.9338243040953241,0.9422829978907431,0.9000195878166465,0.888951949763789,0.9268218441192229,0.8496654487710497,0.8823454123200597,0.9380672325223844,0.8458930066256757,0.940256763147084,0.9457379265502565,0.9300336492487619,0.9381563700171874,0.9753187114552087,0.8541136726581712,0.9172260801207387,0.9221537677868838,0.7651772606752099,0.7472292623597335,0.8540913721941588,0.8852670757925868,0.8574330927652313,0.7741360151432167,0.941056251753962,0.8082621957710481,0.8845286515056804,0.87180749891345,0.8731420228639497,0.9036856671967812,0.6563130521300757,0.6918548919484122,0.8066164314496511,0.8103380526331289,0.8906769612019667,0.4915794623315934,0.47141104879486617,0.78568558362321,0.7531436692790918,0.8294066902847606,0.8614757963038733,0.7523610074451073,0.7957454299585742,0.8779221704845613,0.842399392100341,0.7911800236386782,0.8281770056198017,0.8938790910724483,0.8603753334148916,0.9098773980885401,0.7919950490273887,0.4835021376457206,0.58593995815081,0.9048896145526487,0.8132432730817523,0.8559210825114972
77,0.7411429678374442,0.8648062618706516,0.9437266864794986,0.7558622735665961,0.9187172924800496,0.9023796926910553,0.5868514508552561,0.8782824820506214,0.7989479189672657,0.8895511435656704,0.7052900295893859,0.919381688224561,0.9185748829263974,0.8123404725987063,0.9999999999999949,0.5809317127246015,0.9201497016612357,0.7436065998800465,0.886244968334404,0.8819257380205897,0.8678387818661103,0.8958896926306356,0.8750555634040832,0.8133547010035239,0.7102199781858237,0.8645841308227792,0.9463545409602259,0.6782025499799151,0.8323704501736336,0.8208924169218732,0.8999192472569227,0.8836579825054164,0.9215403399815539,0.8548137250306409,0.8239349131730194,0.9855497058924686,0.760714219471123,0.8656741571494327,0.9538629348358354,0.45126961677752997,0.8331050030997066,0.729602203452568,0.7492697904208272,0.8716106507813601,0.7802304018246248,0.9079839235627334,0.9268817048994547,0.6549460902141993,0.8324043988147722,0.8496210711042349,0.791861336388435,0.34868417299662946,0.7902197256220429,0.8892624740419245,0.5876408891786409,0.8532223639192251,0.22718281317147268,0.5832159596553886,0.731451749430673,0.7417069984945986,0.7703628177094157,0.8459458672713819,0.8409344370882001,0.6662198708779528,0.8314968178572358,0.867643034992892,0.6902332167783146,0.7888440030915891,0.8526542215044981,0.8016653415866954,0.5274230567322896,0.8474999044884443,0.29341080178846846,0.7374253729861359,0.7849307159545909,0.8540417200473032
81,0.8393250419613028,0.7713691301234746,0.651771397571581,0.8510207529319137,0.7594428196142176,0.748925380342407,0.9321740513211023,0.742807073424793,0.8622309735114464,0.7328797472676372,0.9000424341902107,0.7274520756844841,0.7444978118202439,0.8712249053230806,0.5809317127246015,0.9999999999999967,0.7053174353618925,0.9018318432311706,0.7134895459119147,0.7925420506534705,0.8080487288794684,0.8054671278359055,0.7993573427161785,0.8465075279061967,0.9439582846039621,0.8106205768451415,0.6295171268739808,0.8775420710945376,0.8362546246167314,0.743556010085187,0.7386898544174846,0.8200453501796576,0.7688710677672547,0.8575766258895294,0.862475096526125,0.6085293474560144,0.912964818508514,0.8288991901326528,0.5700990873092174,0.9220130903322565,0.7527762866436211,0.8463843844890064,0.7415185194488426,0.5057798890084465,0.8080189892951073,0.5579314255570104,0.6273250576030779,0.903121736543213,0.7669031774972855,0.6866343118096815,0.46120570996369115,0.8952530690315975,0.7116451171773828,0.687137944494516,0.9137147699592706,0.2376689230494935,0.7566523395880348,0.8236084391222811,0.5970116747530829,0.6905545007382309,0.7246173440709004,0.512495591147499,0.6064636962124826,0.7770315295521433,0.6390318920439302,0.711450843561137,0.8147302279549503,0.822845373422681,0.7803489066283115,0.7678107951803915,0.8990896805995936,0.23682051431891937,0.8394763173420363,0.8419174751723313,0.6604298618008241,0.6344957885697594
82,0.8252227173287284,0.9149461703841985,0.9233703098412128,0.8732179754651321,0.9537309854973473,0.841610974468506,0.7102647596635725,0.9461066008419299,0.8498627497380655,0.9123227045661385,0.8063221741712722,0.9659594057473382,0.9240094902386307,0.9058940853197243,0.9201497016612357,0.7053174353618925,0.9999999999999958,0.8402429462514692,0.9388696059575088,0.9048883331534732,0.9161598640982086,0.9391388920759591,0.9118180181214967,0.8587816492750027,0.797996248482479,0.9428764877156653,0.8837885024764397,0.7430847423047032,0.9152686734480446,0.8736939769062222,0.9391821810977407,0.9047891864630292,0.9119116774648222,0.9169558482622208,0.9373466825399828,0.9265483014195047,0.7837962665502155,0.9121124753822768,0.8404828428676911,0.5802779693312026,0.8997603097141303,0.7931234773565315,0.8270319855386379,0.8419126538374242,0.8512052359779974,0.9255743684151897,0.9044067746033237,0.7723957698423207,0.8995449601011366,0.8799385399765389,0.7013523212037637,0.4780825463381428,0.8877153683384764,0.8534861236401146,0.7077615810230014,0.667254507555934,0.293945651593311,0.7748506989208108,0.7833968024945451,0.7541796448719454,0.8304469654910741,0.8250140605219203,0.8335446947295312,0.7995101072435588,0.8806090580087392,0.8069213034472611,0.7357661400656262,0.8594726538667872,0.8694828769151913,0.8327950197253028,0.6460595207603291,0.694617152390931,0.3892314073505664,0.8952067912809252,0.810067262775451,0.8462445899968928
83,0.9156561121703295,0.9003033634914526,0.7839108997284666,0.9186860237201033,0.8854011892675406,0.8104388269890919,0.7972464156300217,0.882428022351683,0.9212559403950561,0.8455060231231286,0.9246346433896074,0.8819256629386594,0.8739909532346333,0.9372385852045456,0.7436065998800465,0.9018318432311706,0.8402429462514692,0.9999999999999971,0.8578171843477709,0.9167224634246913,0.8931193093481526,0.8874897724470187,0.8855140661039378,0.8459870288800677,0.9203630131109571,0.8853397032629,0.7912139904224178,0.8436535298723846,0.9111011907296888,0.8554315916830154,0.885115384502256,0.9122823391199074,0.8428941448825438,0.894368047425208,0.9512620095990965,0.7817144635815341,0.8766890109238867,0.8470502371044685,0.696925578916175,0.7624438407161075,0.8247682584221966,0.9232841772620183,0.866488976915581,0.7172335116119498,0.9152499001087288,0.7576545896492176,0.8088472236710478,0.88472490094692,0.8792212787153941,0.8102327390654728,0.557255634970273,0.7303060069721112,0.7860616931209609,0.8335121956877565,0.8627809286180144,0.4184997285097316,0.5045646544263277,0.7702504414171683,0.8140374606984255,0.8099811356063447,0.8737400312589944,0.6964751003551751,0.7165136486936747,0.85784917633754,0.7974418424487882,0.8044455862958882,0.7245655953666902,0.8529621328272183,0.8310006593530869,0.8087723233128236,0.8404205202857523,0.4280693017936396,0.6242103126515762,0.8678484318785123,0.8380895619574077,0.783448698536877
84,0.8382792464325446,0.9089225199747215,0.8948792808095881,0.8894280164020779,0.9159658194624796,0.8463442889347583,0.6868548781553385,0.8539266197662619,0.888604377320543,0.9403168946329489,0.7816527583777183,0.9349785653960635,0.922603418347471,0.9181446294171024,0.886244968334404,0.7134895459119147,0.9388696059575088,0.8578171843477709,0.9999999999999951,0.8899066387143926,0.9373971536504383,0.8887013139057682,0.9096519365695891,0.8155092754945836,0.7701631576534388,0.9051208594540222,0.8918309309118164,0.7698102138206162,0.8517450763584857,0.8474967169258707,0.9429677732459263,0.8999539356651554,0.8929664013343219,0.8837113888822495,0.9137477174605511,0.9221960194240388,0.8003518873937461,0.8501684432219414,0.7866860347281444,0.5662348324836758,0.8081540976884415,0.805230121966446,0.8963616154483355,0.8316327625703582,0.8927589629241341,0.9033945666984802,0.9104882560271368,0.7786738241225958,0.8709543338580495,0.902697360002033,0.7402220507624997,0.49491915697693467,0.7972733369342453,0.8584532404317018,0.7423534346615736,0.6453016927936837,0.2842690210465301,0.6812407831269607,0.7618156091216718,0.889066384624165,0.8327803188822398,0.8097136523685329,0.8212954916609855,0.8265215833294659,0.8374895117288748,0.8122910384066314,0.72263402859995,0.7748466677922773,0.8848721261140481,0.8396386908792194,0.6210655939618075,0.6560019571808564,0.3832584760675346,0.8189719254407394,0.8023865489172786,0.9478391467896021
85,0.9402758137675369,0.9150222962458009,0.8987576322370102,0.9120014793959853,0.9326817138516441,0.8782050791534368,0.7486104958113264,0.9195519064972234,0.8753368371147583,0.9311036819102687,0.875419350894578,0.9175451037445154,0.9394753203049705,0.9386399125809555,0.8819257380205897,0.7925420506534705,0.9048883331534732,0.9167224634246913,0.8899066387143926,0.9999999999999956,0.9174200153842014,0.9516720295388134,0.9108654516722565,0.869415494699991,0.84706251493833,0.9033780225138134,0.9144410482829713,0.8330122723285689,0.922025194366693,0.8388616547068387,0.9334424854080687,0.9445802848217705,0.9241622567756959,0.9290702719881727,0.9386469177251023,0.895214359515582,0.8828098284525627,0.9045813640320756,0.829381095550925,0.6352954723920914,0.8441787192670441,0.846330829032903,0.8275438065962802,0.8560097482506066,0.9011116169038543,0.8537190786839972,0.9189547426301871,0.7979528455731326,0.8871220190505531,0.9013972881931417,0.7377951752923727,0.5922748044961097,0.7957588769406215,0.8755320210029813,0.8013456250088431,0.611933482671586,0.38908316802747195,0.71317762706945,0.751815677327496,0.7557105305884163,0.9173649717840844,0.8157030512520423,0.8259898168132508,0.8112343571980929,0.838131280297932,0.8432027954101831,0.782338209943557,0.8876983968177002,0.8355919675076273,0.8967916144156117,0.719054588845979,0.5911018834969354,0.519740407942391,0.8317999463324224,0.8179522787582599,0.821317066037438
93,0.8779504321251789,0.9697403763570952,0.8604974690400163,0.9170287934184764,0.9249970430542882,0.8770471582626004,0.7670494829025721,0.8973812372468427,0.920874856661258,0.8850546341351562,0.8679765714949462,0.9409506237025542,0.91363419912456,0.9439743940358459,0.8678387818661103,0.8080487288794684,0.9161598640982086,0.8931193093481526,0.9373971536504383,0.9174200153842014,0.9999999999999958,0.8972160011788967,0.9383444936983865,0.8460213045193467,0.852610167306159,0.9106993791296155,0.8873216536658893,0.8542457392398352,0.8846654208416002,0.8459849596820835,0.9113000578919229,0.9401956945197352,0.9195784069141583,0.917557339413577,0.9432098018009408,0.8862100414003928,0.8705035323952005,0.9067837628280306,0.815750277958237,0.6612803298393731,0.8114221220570257,0.8391314522095202,0.8433859429603855,0.793421171187516,0.9326654520911951,0.8288824141545024,0.8959194194094536,0.8181608797585278,0.8607213479408409,0.8967467706140959,0.7536642343414592,0.6136953869319529,0.8040321677269334,0.8573623226180601,0.823465931352795,0.5894267105995796,0.423750084319812,0.7313941102133343,0.7122149909777418,0.8087264089731493,0.8011111464179205,0.861151421768091,0.8164215918819108,0.8002963588075163,0.7950523984578287,0.8561145405759462,0.8050657703308237,0.8694789650154793,0.8935264576944096,0.8321944549984215,0.7248518506235145,0.5836105948004466,0.5121407505931781,0.8689970039865895,0.7599573495487402,0.8571554743623707
98,0.8796399519618692,0.8822168076533203,0.9485264176644947,0.8917914985984582,0.9536267255847313,0.8990360199124902,0.7967859783156703,0.9178612757467325,0.8890554752406593,0.9346704414981243,0.8519755411454761,0.9283703543978225,0.9554205818108654,0.9338243040953241,0.8958896926306356,0.8054671278359055,0.9391388920759591,0.8874897724470187,0.8887013139057682,0.9516720295388134,0.8972160011788967,0.9999999999999953,0.9216971294862067,0.9352679255136588,0.8657392302952089,0.940480752328517,0.8844011475610524,0.8222660105782069,0.9505991797196596,0.8830216325695938,0.9416823168184981,0.9389682473992006,0.9463926131965177,0.9690453933421505,0.9441627133602389,0.9039193885974888,0.8934988058429242,0.9435265933284582,0.8505927882544674,0.7024003797913725,0.9109781517079245,0.8411534803629607,0.8232458283854887,0.7987396404499305,0.8693184380323137,0.878263813330229,0.8836304519118381,0.8393430762924897,0.9041041612742516,0.8756969993582078,0.6963542150936006,0.5851515023376266,0.853833267854873,0.8692630334975342,0.7707837286006829,0.5870289538966674,0.4176684873037262,0.799402449833508,0.7670514264689899,0.7622598593560143,0.8631135052843388,0.7315797657853361,0.8774156895365688,0.8282057388901236,0.8588549513008983,0.8390332587864194,0.8007730790157443,0.8988836309439036,0.8968618270729605,0.9003291083569818,0.724123699398676,0.587322250350422,0.5273778082386947,0.8811902343794371,0.8482482413189938,0.8261711395060479
99,0.8326789457911303,0.920708306801935,0.8802435692549319,0.93309342941333,0.9197768569117307,0.9269315492155552,0.7475391077436739,0.8961425789627818,0.8831678037347654,0.9121959919917159,0.8445284707855367,0.907459465352641,0.9124271932738556,0.9422829978907431,0.8750555634040832,0.7993573427161785,0.9118180181214967,0.8855140661039378,0.9096519365695891,0.9108654516722565,0.9383444936983865,0.9216971294862067,0.9999999999999962,0.8612282617620223,0.8931865830311707,0.897907520696912,0.8585927165433175,0.7918206713309057,0.9164465308046166,0.868709128494991,0.9151654490522267,0.9077719273440042,0.9175529924385187,0.9086865975446438,0.9370836388331394,0.9009001560475495,0.873288495439845,0.9162134841324461,0.8426050114562074,0.6533157567663449,0.8795434180636189,0.8360390579664129,0.7682708277636673,0.7583112604020388,0.8484753455404099,0.8485986328168323,0.9293453813661463,0.7693401255603817,0.9204748173944988,0.8809559000269299,0.6617106465789533,0.6106208378248998,0.8649695704429645,0.8886573440511214,0.7921482156997024,0.6031156801682557,0.41554370322145584,0.7223447800308033,0.761527472004235,0.7885737631122599,0.7943773470149855,0.7581394429460037,0.747589922083487,0.8668561264306446,0.8633163459853158,0.8407979982311116,0.7817672231611269,0.8564558320440326,0.8973326334482119,0.8907870037044472,0.7212256403321065,0.6138824100446633,0.4741109354892761,0.8401226799081986,0.8086628907049225,0.8520433626474554
104,0.835064033393517,0.8122733726455504,0.8379010621334633,0.8151478768778492,0.9212146437975296,0.8794607333379522,0.889004164496172,0.8412868335303643,0.8890946317995249,0.8768339410818884,0.846773027155166,0.8469038364946226,0.8612596470859699,0.9000195878166465,0.8133547010035239,0.8465075279061967,0.8587816492750027,0.8459870288800677,0.8155092754945836,0.869415494699991,0.8460213045193467,0.9352679255136588,0.8612282617620223,0.9999999999999949,0.8814463610603116,0.9296688448523557,0.7976311178651584,0.85725727008055,0.9106315769451361,0.818793812615783,0.8725961134680882,0.9087329181646623,0.9191617960284052,0.931914825120204,0.8890518895647495,0.8268510270452216,0.9441061934847756,0.9498699274290575,0.8068606933370831,0.8018587814969589,0.8888205616105338,0.8574910957666492,0.7845823680016587,0.6619909774421289,0.8156760884720547,0.7129936647286178,0.7675294871221098,0.8841435507707703,0.7929164345811365,0.8043170953728446,0.5949304139483378,0.6434822615657041,0.8181738948295614,0.7994729705628383,0.8256558039021552,0.4865338855161387,0.5536571875114238,0.8081484334226622,0.6938818319930677,0.7782087039928128,0.7760867420794701,0.6208294079780136,0.7656212739151617,0.7059825542914988,0.804806189092906,0.8081947787656524,0.8603347922267363,0.8910856366806335,0.8641932194674687,0.8856210451497939,0.7954356978274816,0.47358409387700157,0.633299838958217,0.8701009222089615,0.760261499320224,0.773445232362957
106,0.8248455087131106,0.8415688221095682,0.7317004413282562,0.8723626493359584,0.8427593642403921,0.8567393795924884,0.8660961175458494,0.8534883123473501,0.8654363979027669,0.7885067350170938,0.9064060269611424,0.8144442601509941,0.8055188088408887,0.888951949763789,0.7102199781858237,0.9439582846039621,0.797996248482479,0.9203630131109571,0.7701631576534388,0.84706251493833,0.852610167306159,0.8657392302952089,0.8931865830311707,0.8814463610603116,0.9999999999999953,0.8515186608287211,0.7079749490856134,0.8222520579717767,0.9059619900864825,0.8153575640337635,0.8043667707328305,0.8686872004928432,0.8297405843519214,0.8804818880211233,0.8979068110977101,0.7199667409918762,0.9145458687811252,0.8888828959802034,0.6953118506956688,0.829293076385204,0.8647931879861591,0.8638995539373867,0.7432157397380372,0.5793671928600043,0.7935451207722505,0.6705715102577076,0.7263910995311978,0.8768093234428018,0.8799419489176236,0.7188181427973098,0.49555611171453284,0.7817182862254369,0.8291466051577678,0.7958233833449152,0.865091759010305,0.37704604015970905,0.6297465543544735,0.813240786165409,0.6840407134855464,0.711392413678708,0.7688657235209151,0.5873798415267237,0.621630076067183,0.7986018814694978,0.7471641759362517,0.8302814610929384,0.7908721046723896,0.8670645294857713,0.8261267727098112,0.7992386513413458,0.8795958256067037,0.38191195982147663,0.6867000542642628,0.8755332187447563,0.7226987006417079,0.6874944468773502
107,0.8691475377704514,0.884619043412413,0.8933505792431169,0.8639175815481177,0.9387164060090921,0.8417640275364661,0.8395978709414859,0.8958812998623918,0.9456416699412922,0.9050982605984699,0.902737357074688,0.9336644225990723,0.9363392579913468,0.9268218441192229,0.8645841308227792,0.8106205768451415,0.9428764877156653,0.8853397032629,0.9051208594540222,0.9033780225138134,0.9106993791296155,0.940480752328517,0.897907520696912,0.9296688448523557,0.8515186608287211,0.9999999999999969,0.855908314386538,0.8704143865359416,0.9406889535838057,0.926716275498915,0.9345893703825179,0.9436084984139778,0.9336668017693199,0.9678244897838811,0.9556482143320528,0.89142260534248,0.882710643942234,0.9595941592923787,0.8417999308658044,0.7384408946191514,0.9270508348427696,0.9135709137805221,0.8703677325257277,0.804773879618501,0.8899508350878429,0.8193625541702768,0.8497808858369134,0.816737760549282,0.8343521665957828,0.8444292341705016,0.6209964489723552,0.5979266878421462,0.8492800703091313,0.8653068374937097,0.7823990126760714,0.547474232235506,0.45296386107097647,0.8270645054936817,0.8175516620038692,0.8141359989795709,0.8455702546283996,0.7729947298606314,0.8035837615931026,0.7878578963349085,0.8437616299512957,0.7840373563113808,0.8084246294445188,0.8612290976570136,0.9276977700018708,0.8779546803086578,0.7702859017101459,0.5889862795346573,0.5563963603712727,0.9151232828547198,0.8650575834613204,0.8419939523859512
109,0.8190746358825265,0.8596959431111844,0.9168450411394056,0.8168823405484125,0.8834162411432515,0.881548470805814,0.6175366494613557,0.8736248341670031,0.8256199525783978,0.9160821615839672,0.7194278499457388,0.9081251158645219,0.9297832211628162,0.8496654487710497,0.9463545409602259,0.6295171268739808,0.8837885024764397,0.7912139904224178,0.8918309309118164,0.9144410482829713,0.8873216536658893,0.8844011475610524,0.8585927165433175,0.7976311178651584,0.7079749490856134,0.855908314386538,0.9999999999999971,0.7441375460972709,0.8099057016586029,0.7849421905859101,0.9272762987884375,0.8966467727440854,0.9212014402903324,0.8769476602033633,0.8531406390021449,0.9550600525235464,0.7953410609081362,0.8513250409076948,0.9210551529051723,0.48279406930619284,0.7585081229441193,0.7571136406735323,0.8108767340500448,0.8974198907649347,0.8411079865054685,0.8642656305436136,0.9233249500805024,0.6777227667776659,0.7890487743842693,0.9012947587101546,0.8606178253850915,0.4016242820263502,0.6955951686283777,0.8809060645134021,0.646357201371142,0.7630332985337599,0.2606344397198522,0.5818308080548024,0.7237480416415173,0.7718662148155051,0.8021838766240816,0.8638780702524548,0.8795214189886014,0.6941834200071003,0.7608298815563089,0.8632590993416993,0.7407636561775764,0.8129083285838798,0.8427011451643215,0.8381882538991959,0.5319017778713852,0.7446768267130099,0.3618694806228228,0.7301789658720903,0.7760803670691694,0.8909953436215611
