A,23,32,35,36,37,50,53,55,57,59,63,67,69,74,77,81,82,83,84,85,93,98,99,104,106,107,109,113,114,115,117,165,166,198,199,233,234,240,241,249,251,252,254,256,261,262,263,302,306,317,325,334,335,336,337,342,345,346,351,353,354,365,380,383,404,406,411,416,419,420,421,424,425,426,428,435
23,0.9999999999999992,0.9996075830286842,0.9993855547886711,0.9998093145622596,0.9994559014942795,0.9989950266172849,0.999336540298917,0.9993988771767278,0.998871529117344,0.9992607187598177,0.9995255302438267,0.9996223811663323,0.9995148802815585,0.9996798857338101,0.9995153441493779,0.9996009647451695,0.9997571615748511,0.9995399716632143,0.9994780290822496,0.9997908576922254,0.9996568378693105,0.9996793917515495,0.9995630778967809,0.9995008948098266,0.9991814741196853,0.999160834079486,0.9992905153523668,0.9992473585819865,0.9994541708181301,0.9994070549796479,0.9997111421566983,0.9994322011039558,0.9993421238959618,0.9997272460198071,0.9998079589328983,0.9995094898434251,0.9996167959465766,0.9998704087246671,0.9997350680642532,0.999555672516464,0.9998004198777977,0.9997972253739744,0.9998322131555031,0.9998698932700275,0.9998538699150813,0.9996455125712915,0.9997276975032128,0.9995258492213243,0.9994398821351599,0.9993638024580647,0.9992811916312703,0.9993189655884884,0.9994012017599061,0.999475315084939,0.9997529378283042,0.9992952958319632,0.9993956415281233,0.9996276063122128,0.9992784149597395,0.9990792866304464,0.9995696692240728,0.9995895562267023,0.9986146651291066,0.9988628473639136,0.998915423980405,0.9985477921535015,0.9989335695938864,0.998792141388381,0.9984304513959418,0.9991356579885011,0.9989215438852488,0.9995056238263407,0.999822055937055,0.9997789594529038,0.9994521394982809,0.9996943695588955
32,0.9996075830286842,0.9999999999999992,0.999068052834409,0.9992783767764118,0.999791440910687,0.9994491065977129,0.9988645753034076,0.9993392868398612,0.9994198557378638,0.9987809796788018,0.9993074269906159,0.9996699110931574,0.9993480853849792,0.999524290549335,0.9997767706537813,0.9995153699779498,0.999515984988929,0.9997721712635637,0.9994981791458731,0.9994002170523445,0.9997703847446378,0.9994342430962153,0.9997185751228987,0.999523222600495,0.9994644153793294,0.9991766716722212,0.9991671072363594,0.9992311462712232,0.9991784997708234,0.9992956127939576,0.9993610587959281,0.9998282890581303,0.9994289638551468,0.9993380854955218,0.9996743134509767,0.9997807536109142,0.9994754620525701,0.9995111645542204,0.9998243986431743,0.9996589390173842,0.999546319130327,0.999807212973641,0.9997041222116468,0.9996126113493371,0.9996273341721769,0.9992706347939139,0.9995236366128332,0.9995516284483812,0.999481176430338,0.9994311584221927,0.9991779772106304,0.9992839358225294,0.9992291276566643,0.9991923879838958,0.9997307474473178,0.9997556197560289,0.9992333660579186,0.9988518104683928,0.999646595227173,0.9992560874820114,0.9987647667447068,0.9995200982550034,0.9984439096526936,0.9984479787841962,0.9989579458158774,0.9989035882878394,0.9987565938706708,0.9989628652973297,0.9986115192654275,0.9984176857807157,0.9991359335432818,0.999528562973446,0.9993541920314098,0.9997395573027534,0.9997456264201176,0.9994109310724764
35,0.9993855547886711,0.999068052834409,0.9999999999999991,0.9990290030959372,0.9989630964003773,0.9990135835529127,0.9993131542569066,0.9984110857824864,0.9989705920142798,0.9992517704909585,0.9985549586992085,0.9992553648316131,0.9996301656262949,0.9989075418989828,0.9995363980682083,0.9993660729314882,0.9994656869606309,0.9991085695225536,0.9994967665922552,0.9993475336969072,0.9990510385351774,0.9997673431033236,0.9988495331998454,0.9994353761028296,0.9986057728238744,0.9990822232264793,0.998951030472511,0.9989442528844086,0.9990085586943507,0.9991154466259051,0.9991860737121081,0.9990706955487462,0.9994214501791572,0.9997433136634103,0.9991698127059483,0.9993921789319188,0.9994833230213578,0.9993107399421107,0.9992877011592644,0.9996231028883567,0.9994979705073895,0.999278599935763,0.9997166394291457,0.9996372615524266,0.9995831775306403,0.9996547007745046,0.9991229207640782,0.9994288152773647,0.9992779321083471,0.9990812997719951,0.9993814054982202,0.9988018498855912,0.9991560166756042,0.9991996584658276,0.998835964996998,0.9990630348170556,0.9995615085239943,0.9992527298657606,0.9984958759051916,0.9993999646775334,0.999281483263861,0.9985200674450072,0.9994168318154607,0.9984907082502255,0.998272999687562,0.9985693261219086,0.9986891589968994,0.9982806372888888,0.9988781341798983,0.9984984325775214,0.9978881883718409,0.9995083774378312,0.9994575053231711,0.9992159219601124,0.9995415851589498,0.9995405711749015
36,0.9998093145622596,0.9992783767764118,0.9990290030959372,0.9999999999999991,0.9989915661584551,0.998786840241285,0.9990561732535547,0.9992164055719301,0.998498541144698,0.999078873479727,0.9991987221208734,0.9990102536047538,0.999339201728282,0.9995247946686998,0.9989313508040731,0.9995463265462035,0.9993656417568767,0.9993655544588058,0.9991522400497566,0.9994977091451371,0.9993439389589878,0.9992552083142408,0.9995474059585754,0.9988547567875069,0.9990321572580818,0.9986283976942161,0.9990413430855478,0.9989566742065069,0.9989888446455277,0.9990153650127747,0.9993529727248712,0.9990915086076964,0.9990000027477133,0.9994998207352646,0.9997338301090966,0.9991442838197894,0.9993880035037213,0.9995225563439145,0.9994228728573189,0.9993677347948945,0.9996007848363848,0.9994465426194086,0.999488584656306,0.9997543313429398,0.9996399469177853,0.9994534064507031,0.999724910842529,0.9991637818563268,0.9994536003893799,0.9992261742775493,0.999087728629168,0.9994284868950728,0.9989695067738726,0.9993332260580734,0.9995637142460095,0.9987100299803662,0.9991851681391414,0.9994604941750586,0.9991673043765528,0.9986215723371108,0.9993675518014378,0.9993551881081737,0.9982185218753592,0.9994102514563451,0.9984488898291018,0.9982549322886431,0.9989705602750356,0.9985430372526225,0.998310248987101,0.9991450442000047,0.9983876243441248,0.9989656475676106,0.999681436773607,0.999458784793181,0.9991963716639575,0.9995261059979582
37,0.9994559014942795,0.999791440910687,0.9989630964003773,0.9989915661584551,0.9999999999999991,0.9989409135567682,0.998750452586209,0.9990447977983092,0.9992871621116443,0.998511131477701,0.999113137994403,0.9994879566744517,0.9989030080543704,0.9993287510234565,0.9996212619720635,0.9989593408270495,0.9995221384350796,0.999360904315742,0.999382273293842,0.9991319582892237,0.9995086949290836,0.9993143331945709,0.9992178937212451,0.9995505842949491,0.9986983951940431,0.9990623335375086,0.9986426507736291,0.9990333654605053,0.9989577481795416,0.9989224901947085,0.9991049182018633,0.9994136745253,0.9990868582672201,0.9990586555785519,0.9994905629084618,0.9997330148638701,0.9991472876353107,0.999365217002392,0.9995633077661973,0.9994332580167444,0.9993802036932693,0.9996109623723792,0.9994971702176558,0.9993967687155715,0.9996355255852483,0.9992637191172449,0.9994326736718423,0.9996605082208987,0.9991715565889809,0.999452893302839,0.9991431425258486,0.9991318576365384,0.9994646245236027,0.9989377137881524,0.9996522664555142,0.9995390316172504,0.9987451051309222,0.9988438243667206,0.9994642687913484,0.9992274397389758,0.9984461762545921,0.9993912612372134,0.9985693933161789,0.9981431457320611,0.9994788350786671,0.9984591847191948,0.998560875090717,0.9989562854402034,0.9984716512468292,0.9984310517060708,0.9991259909429996,0.9991996587685272,0.998966789533214,0.9996585599167894,0.9994573396856457,0.9991916017700002
50,0.9989950266172849,0.9994491065977129,0.9990135835529127,0.998786840241285,0.9989409135567682,0.9999999999999993,0.9987001135024655,0.9987493233427315,0.9989794014739639,0.9990663033675873,0.9985695588426267,0.9990574164326502,0.9990254313927207,0.9989171750612673,0.9994390771519337,0.9995632121936308,0.9988145503269836,0.9995444639585157,0.9992359366648822,0.9992384335306023,0.9990567060426276,0.9990601195776894,0.999420132363444,0.9991155130227533,0.9996162941549093,0.998629111783838,0.9990559591220214,0.9985170196948088,0.9988732600424836,0.9987016438392725,0.9987027149894211,0.9992817556575919,0.9993940862373871,0.9990479110977118,0.9989549331529386,0.9994228633322311,0.9996427494217857,0.9989418543045312,0.9992022469789444,0.9993756386721985,0.9993998850298673,0.9993766025139528,0.99933911782899,0.9991360544283914,0.9990243012328288,0.9988455245151612,0.9990197874776771,0.9991303827512203,0.9995414744558159,0.999134544401995,0.9991583807879604,0.9990722476743042,0.9988840628006201,0.9990479462485002,0.9990653984014979,0.999648549679336,0.9993500441636651,0.9979967468129105,0.9988684008710844,0.9993261867776638,0.9987736925715878,0.9982968601885354,0.9978687981845131,0.9983177185938272,0.9982698651284024,0.9994203244331634,0.9985120337537653,0.9986224931680868,0.998654003148644,0.9982840525770423,0.9984274377030432,0.9994444911298375,0.9988649392122312,0.9988172432868585,0.9995859158550593,0.9993705368671659
53,0.999336540298917,0.9988645753034076,0.9993131542569066,0.9990561732535547,0.998750452586209,0.9987001135024655,0.9999999999999993,0.998607132736631,0.9987281505198164,0.9989942345661191,0.9990915681320794,0.998788835335483,0.9990404679850915,0.9989393446344901,0.9990730057614612,0.9993794708550106,0.9996111689255978,0.9987452286835866,0.9995268416214138,0.9992463008062037,0.9991925828699939,0.9990963144852053,0.9989103512584229,0.9993940500052172,0.9987688365248931,0.999568049991507,0.9986389398444184,0.9990457864045433,0.9985090610761848,0.9988848707460749,0.9987801639921434,0.9987259839530045,0.9992094578109136,0.999637303861765,0.9990602838320691,0.9989298948780978,0.999392064777876,0.9996414245195234,0.9989543161709353,0.9992055206782784,0.9994079299844605,0.9993912928713906,0.9994380697927037,0.9993276505908123,0.9991241816478336,0.9988661909179657,0.998848936546394,0.9990164192726371,0.9991091476101549,0.9994724863192923,0.9991396208868638,0.9991197300096739,0.999113166970714,0.9989145927575616,0.999177744918367,0.9988812412890082,0.9996676150136959,0.9992101103424657,0.9979522123185349,0.9988839833778201,0.9992994004848658,0.9987697232813854,0.9978143032329133,0.997919023668005,0.9983864006453821,0.9982094425741092,0.999593649004514,0.9984135966972421,0.9986192593631946,0.9987501560730365,0.9981568424752788,0.9991191987774122,0.9994825307483479,0.9988783286337072,0.9988245627440954,0.9995875912380356
55,0.9993988771767278,0.9993392868398612,0.9984110857824864,0.9992164055719301,0.9990447977983092,0.9987493233427315,0.998607132736631,0.9999999999999993,0.998669461940745,0.9986896827481686,0.9990206966738222,0.9993334188997162,0.9985858592087715,0.9990418604910007,0.9990061880272303,0.9990991641162378,0.99930115822384,0.9996154140471121,0.9987358292895288,0.9994641355369148,0.9992463710711768,0.9990634250649497,0.9991000535208859,0.9988915313234972,0.999313717207423,0.9987923609187986,0.9995662080613403,0.9985991534915051,0.9990102847240008,0.9983762757300593,0.9989153896110802,0.9988555955850316,0.9987246735366698,0.9991846152791625,0.9995927831792429,0.9990420072646051,0.9989141569447875,0.9993203869955126,0.9996446189338589,0.9989218592547753,0.9991908465031791,0.9994072644293636,0.9993744527503795,0.9992666480913144,0.9991239747374274,0.9986060400630472,0.9987895690492788,0.9987156590669504,0.9989988412300076,0.9991086369260203,0.9993164833710356,0.999175998681471,0.9990961369997884,0.9989891234014678,0.9992449935701363,0.9991889863348657,0.9988720847205748,0.9991891532471068,0.9992171288022068,0.9979803836906105,0.9986074737608599,0.9992901176082815,0.9977677749710451,0.9976606400822301,0.9979822079734738,0.9983926196113604,0.9985009261682473,0.9996017205060639,0.9982722335137266,0.9986852878906609,0.9987511243431847,0.9989129141824667,0.999043155578618,0.9994151045062392,0.9988490779795277,0.9987909901920282
57,0.998871529117344,0.9994198557378638,0.9989705920142798,0.998498541144698,0.9992871621116443,0.9989794014739639,0.9987281505198164,0.998669461940745,0.9999999999999996,0.9986317181548043,0.9988940497530737,0.999075603208436,0.999166994503815,0.9986690725701663,0.9993781201234508,0.9990139307509756,0.999207344563165,0.9994051246279713,0.9996228279757118,0.9987975215690296,0.9994901074225719,0.9990755605659876,0.999184767990707,0.9991324862127079,0.9988757004641978,0.9993219744107642,0.9989413791952049,0.9996076090835505,0.9986022915470667,0.9990203512084808,0.9983313724795694,0.9991968639547819,0.9989180705316523,0.9990659077772239,0.9992733004139434,0.9996621590294994,0.9990802507120231,0.9989091569174036,0.9993025886824385,0.9996260279100648,0.9990742367691339,0.9993255961628298,0.9993368710139209,0.999289845565701,0.9991997423818978,0.9987827975575719,0.9985695037947748,0.9987385879321845,0.9987337772305651,0.9990452117421857,0.9990942194991881,0.999319566733669,0.9991188995603764,0.9989461336641503,0.9990754890032458,0.9992140531113798,0.9991612024744949,0.9985520621761735,0.9993146710420111,0.9992049581129183,0.9978830283013298,0.9986008912932625,0.9983432689883105,0.9978358482917989,0.9979403231455715,0.998007097554363,0.9984742523932262,0.9986168637186582,0.9995581299750781,0.9982434161869164,0.9987139080558655,0.9991355892953967,0.9988107735349189,0.9991058232498105,0.9995180086481293,0.9989360253377921
59,0.9992607187598177,0.9987809796788018,0.9992517704909585,0.999078873479727,0.998511131477701,0.9990663033675873,0.9989942345661191,0.9986896827481686,0.9986317181548043,0.9999999999999996,0.9987530794158365,0.999013380528542,0.9990316189742241,0.9991448758492565,0.9989495627309182,0.9993267237361322,0.9991318995261013,0.9992084223666295,0.9993964236778705,0.9996819166983096,0.998774722924275,0.9994635968517125,0.999025410672959,0.9991863921023926,0.9988833516323443,0.9988340698224283,0.9994099863410166,0.9989664925178668,0.9996119736524063,0.9986555181885691,0.999043298724654,0.9984784190494431,0.9991745977330782,0.9992961448025433,0.9991356777398618,0.9992958851164431,0.99966246083616,0.9990963684663261,0.9989054545671696,0.9993025477811456,0.9997369515107495,0.9991399280315483,0.9993362342818755,0.9993323215920038,0.9993047705953694,0.9990499460816111,0.998786639942322,0.9985778199011693,0.9987355997520431,0.9987049263074492,0.9990871341922075,0.999052975693915,0.9993240647292877,0.9990954093957105,0.9989873507874686,0.998912912883192,0.9992136583052884,0.9990243830935996,0.9985829038712464,0.9993086653879943,0.9992143137616228,0.9978769250860233,0.9980212863286311,0.9984644168536551,0.9980203412335491,0.9979039906351704,0.9980904431010502,0.9984587257312513,0.9986319445755873,0.9995923556657249,0.9981600774105066,0.999213771435461,0.9991292679387691,0.9988740483897754,0.9991748669875231,0.9995754112567583
63,0.9995255302438267,0.9993074269906159,0.9985549586992085,0.9991987221208734,0.999113137994403,0.9985695588426267,0.9990915681320794,0.9990206966738222,0.9988940497530737,0.9987530794158365,0.9999999999999994,0.9992801988802379,0.9990098427816039,0.9990451917395684,0.9991530104304291,0.9990776914942074,0.9992831291725078,0.9991400644357928,0.9993116002255158,0.9993947819437685,0.9997662946312689,0.9989051841669722,0.9994122951182042,0.9990891336866693,0.9990373217529174,0.999013609200003,0.9988366965747577,0.9994461064016177,0.9990434333423608,0.9995620223038184,0.9989105253148052,0.9990400500420837,0.9985141718836381,0.9991015808073737,0.9992962281609851,0.9991680401731649,0.9993561053979946,0.9997015793733828,0.9992550300060911,0.999011763949218,0.9992970351020192,0.9997439832395256,0.9993446016818105,0.9993060192315574,0.9992427106537327,0.9989554264243151,0.9991127700927296,0.9987822310112162,0.9986584189606444,0.9987885220613144,0.9986423275661045,0.9992444671366562,0.9992256951092816,0.9994382397380083,0.9996661448829349,0.999062514939486,0.999067270294653,0.9989097983645827,0.9990305071946731,0.9987718220782544,0.9991397677593881,0.9993374162653823,0.9972375659257493,0.9979125153896157,0.9984702711001345,0.9981057116478302,0.9984490110484197,0.9980772966683368,0.9984367331693782,0.998930068503484,0.9996315423491648,0.9993431271848516,0.9993542520834151,0.999122069769258,0.9988793498959584,0.9991853333980872
67,0.9996223811663323,0.9996699110931574,0.9992553648316131,0.9990102536047538,0.9994879566744517,0.9990574164326502,0.998788835335483,0.9993334188997162,0.999075603208436,0.999013380528542,0.9992801988802379,0.9999999999999996,0.9993445369702925,0.9992940000752262,0.9998226643654288,0.9992598889837208,0.9995526450391856,0.999610067327555,0.9993039974055782,0.9996622140593843,0.9995761522708305,0.9997414525300212,0.9992454241474775,0.9996367684858934,0.9992067679159848,0.9991517514073326,0.9994614826826504,0.9991105542900429,0.9996380551986702,0.9993810045245737,0.9995951165341372,0.9995293042544104,0.9992895698235906,0.9994443954145747,0.9994834339195482,0.999594730586944,0.9993988445439527,0.9995802801738678,0.999806751146272,0.9994022183179563,0.9994892102287665,0.9997094530416378,0.9997824718356241,0.9995344961263222,0.9995733969909364,0.9993233550607363,0.9991234968385468,0.9993233553296569,0.9989772810742152,0.9988750965195298,0.9991044162661462,0.9987322581196245,0.999312777223256,0.999233684677774,0.9993620312604976,0.9996797292031001,0.9991652159555199,0.999143209786971,0.9992833050098862,0.9991152991482464,0.9990675259462496,0.9992790510946359,0.9987331207814755,0.9977290540993184,0.9985561803104942,0.9986372345332255,0.9980821430219933,0.9987868834193341,0.9983131630229871,0.9984610929701507,0.9990929276719192,0.9997608080635028,0.9993875661954023,0.999713761203571,0.9995114343927375,0.9992405674782652
69,0.9995148802815585,0.9993480853849792,0.9996301656262949,0.999339201728282,0.9989030080543704,0.9990254313927207,0.9990404679850915,0.9985858592087715,0.999166994503815,0.9990316189742241,0.9990098427816039,0.9993445369702925,0.9999999999999994,0.9991571962170567,0.999493901156403,0.9996306163607239,0.9993433743301517,0.9993943659713599,0.9995088746329863,0.999304416879191,0.9995173683214618,0.9995993451662409,0.9994695737298246,0.999147273037242,0.9990962750067969,0.9990340970537196,0.9991303949214259,0.9994065884130218,0.999043346961332,0.9996803448125771,0.9993739373186725,0.9995738007099919,0.9993579838829888,0.9996942234559136,0.999441782092175,0.9993980495597219,0.9994888856009433,0.9993678765380603,0.9995056207719605,0.9997467944717648,0.9994255265861997,0.9994349526769836,0.9997068575330316,0.9997911463464603,0.9995741159200635,0.9995610492482678,0.9992934048599922,0.9991243847113067,0.9992268105312982,0.9988053419833947,0.9989182355436961,0.9989340091402208,0.9987088918049164,0.9993250171820438,0.9991038068371676,0.9989848453186398,0.9996215658832002,0.9991544075693937,0.9990263931913258,0.9991950189873038,0.9991816305062323,0.9989821200328578,0.9989801118754014,0.9988682215534206,0.9977845364325122,0.998384634107469,0.9986012193652873,0.997881895328811,0.9987969278509026,0.9983089032128062,0.9981958310821515,0.9995506692467495,0.9997608379084273,0.9993965812527275,0.999695937449323,0.9994836551868796
74,0.9996798857338101,0.999524290549335,0.9989075418989828,0.9995247946686998,0.9993287510234565,0.9989171750612673,0.9989393446344901,0.9990418604910007,0.9986690725701663,0.9991448758492565,0.9990451917395684,0.9992940000752262,0.9991571962170567,0.9999999999999993,0.9992005604762575,0.9995341669491056,0.9995428759712379,0.9993440185405199,0.9993965509443304,0.9994443090509353,0.9993132658644787,0.9994153833151418,0.9995937157897927,0.9994570753065168,0.999061515108253,0.9991339363818603,0.9990240106597305,0.9990937050279148,0.9993806523322349,0.9989083978863743,0.9997388318658215,0.9994303330761084,0.9995744972276464,0.999301493398262,0.9996458804923375,0.9994242723057826,0.9993879248488209,0.9994241011118968,0.9993891306334004,0.9994868335950744,0.9997226959367836,0.9994182576403507,0.9994437784357112,0.9995425412731241,0.999588005466813,0.9990563894537295,0.999495676151126,0.9991667521845753,0.9991156629306767,0.9992310021739914,0.9986483809812239,0.9989713537073155,0.9989324743979433,0.9986092245870452,0.9997001218330961,0.9991286291912923,0.9989940853338927,0.9991461544164568,0.9991557716177337,0.9990748299743412,0.9989147501858404,0.9991866195343057,0.9980051592373157,0.9988141582126694,0.9989128969225067,0.9977998128237995,0.9987184568803436,0.9986031605623729,0.9977453205088115,0.9988931622592263,0.9983152504648851,0.999021160062878,0.9994973750507793,0.9996909345223475,0.999362880862947,0.9996596042356106
77,0.9995153441493779,0.9997767706537813,0.9995363980682083,0.9989313508040731,0.9996212619720635,0.9994390771519337,0.9990730057614612,0.9990061880272303,0.9993781201234508,0.9989495627309182,0.9991530104304291,0.9998226643654288,0.999493901156403,0.9992005604762575,0.9999999999999992,0.9994289423063997,0.9995591470055207,0.9995757770696981,0.9995633769080309,0.9994787974968198,0.9996189065032397,0.9996926419510136,0.9993348200024954,0.9997503396909639,0.9992567069368119,0.9992970915332375,0.9991701462238545,0.999151288003399,0.9992902234993509,0.9994389235857628,0.9993728181371262,0.9996977910597687,0.9995170896311291,0.9995192604666912,0.99937098206421,0.9997461826673685,0.9995713545921829,0.9995495124450308,0.9997343430222387,0.999636598666658,0.9995220880196145,0.9997639240880329,0.999833017657662,0.9995687064400621,0.9995900283910014,0.9994352345446009,0.9992650873329342,0.9996339447213856,0.9993528290823948,0.9992325697172686,0.9992860997497491,0.9989215185126158,0.9993327936849917,0.9992769161787506,0.9993760886064029,0.9998350105798828,0.999442651589824,0.9988888042712343,0.9991754014382676,0.9994983597976185,0.9990439141113119,0.9991706371059829,0.9989087683579175,0.9979805764148498,0.9988045990631361,0.9990827060192629,0.9985601845908725,0.9987070710821033,0.9987170765995057,0.9982558801679484,0.9989783247821822,0.9998552643817027,0.9993710221843142,0.9995741921100332,0.9997558808318361,0.9994402362348164
81,0.9996009647451695,0.9995153699779498,0.9993660729314882,0.9995463265462035,0.9989593408270495,0.9995632121936308,0.9993794708550106,0.9990991641162378,0.9990139307509756,0.9993267237361322,0.9990776914942074,0.9992598889837208,0.9996306163607239,0.9995341669491056,0.9994289423063997,0.9999999999999991,0.9994586393154815,0.999613887377802,0.9995635239613241,0.9995681237731346,0.9994816720531782,0.9994500191443066,0.9997580157455742,0.9993354873372222,0.9996963741894968,0.9992562041485797,0.9993794962297611,0.9991694449935595,0.9991273225660176,0.9992371796414965,0.9994071295233597,0.999567939500344,0.9997237354761623,0.9997178085960287,0.9995477747033097,0.9993957539098507,0.9997516608041486,0.9995296318635014,0.9995254647164379,0.9996973846887216,0.9997169175697117,0.9995954899652888,0.9996991426582275,0.9997050823370209,0.999441135859925,0.9991748029257718,0.9993713445006219,0.9991722188057091,0.9996257972934188,0.9993685988341275,0.9991556881184993,0.9992867414568549,0.9988629707682298,0.9991791640629246,0.9994342950749717,0.9993450580428437,0.9998002341399237,0.9990551799928042,0.9989585593670008,0.9991636911915756,0.9993255421848697,0.9990227361099897,0.9981939142531517,0.9988864028912536,0.998170551994776,0.9988088503175216,0.9992239901258873,0.9986238152926942,0.9986163051758354,0.9987081457873035,0.9982602797636309,0.9994799689650576,0.9997491737072213,0.999374761418179,0.9996171287957554,0.9997870168126479
82,0.9997571615748511,0.999515984988929,0.9994656869606309,0.9993656417568767,0.9995221384350796,0.9988145503269836,0.9996111689255978,0.99930115822384,0.999207344563165,0.9991318995261013,0.9992831291725078,0.9995526450391856,0.9993433743301517,0.9995428759712379,0.9995591470055207,0.9994586393154815,0.9999999999999992,0.9993747671750794,0.9996712002587465,0.9995699915953489,0.9995805367768159,0.9996886492273518,0.999251620186751,0.9997760042867907,0.9989627701810885,0.9997377875262039,0.999224488300138,0.9993946538562198,0.999224669806053,0.9991342656527362,0.9994865384560007,0.999324892357988,0.9995140662951267,0.9997886823356937,0.9997147774614971,0.9995341224397599,0.9994048039924592,0.9997979357787812,0.9996550523305869,0.999616147622512,0.9996814358326529,0.9996763667915635,0.9998147945983042,0.9997371780147988,0.9997047693530905,0.999295804647518,0.9992518808749464,0.999414744158313,0.9992098343878669,0.9995911017314051,0.9993740623316344,0.9992221024874153,0.9994642431655845,0.9990433321654797,0.999576059050576,0.9993361273421002,0.9994791265772112,0.9996855219602022,0.9989840876745222,0.999099555369141,0.9991233060620237,0.9994122260125853,0.9986969640800105,0.9981815539501108,0.9988526625519419,0.9981700573333132,0.9992366617476434,0.9990960646866931,0.9986550295255721,0.9988965165821686,0.9986189469826807,0.9993648534951223,0.9996590973087034,0.9997553141827449,0.9993630821654262,0.9996098804773362
83,0.9995399716632143,0.9997721712635637,0.9991085695225536,0.9993655544588058,0.999360904315742,0.9995444639585157,0.9987452286835866,0.9996154140471121,0.9994051246279713,0.9992084223666295,0.9991400644357928,0.999610067327555,0.9993943659713599,0.9993440185405199,0.9995757770696981,0.999613887377802,0.9993747671750794,0.9999999999999991,0.9993929415776082,0.9996145729894438,0.9995905247420119,0.9995169542486624,0.9996734016299502,0.9992504963952087,0.9996785445966272,0.9990155885785408,0.9997270177033583,0.9991980920634733,0.9993846486939474,0.9991009222637285,0.9992258440909025,0.999529552383569,0.9993300471604989,0.9994484612547134,0.9997457776381073,0.999703721980073,0.9995343615690291,0.9993556365417408,0.9998417967918818,0.9996562443085717,0.999592064008368,0.9996740146850404,0.9997178550259382,0.9996706290774444,0.9995500304686368,0.9992111180398225,0.999250483737578,0.9991435676623754,0.9994198023306289,0.9992209973220593,0.9994467010337,0.9994445957868332,0.9992493433006431,0.9993995387973746,0.9994540744976943,0.9996096545319105,0.9993691643807274,0.999028879987272,0.9996854733896055,0.9990559310268996,0.9988342624885407,0.9991473025468544,0.998488075511196,0.9985364298314527,0.9982159988712129,0.9988789104494813,0.9985415843051442,0.9992341324390249,0.9989760245897339,0.9987855515337034,0.9989075635497617,0.9995094291112059,0.9993434027352945,0.9995970288756758,0.9997255241064965,0.9993321663180863
84,0.9994780290822496,0.9994981791458731,0.9994967665922552,0.9991522400497566,0.999382273293842,0.9992359366648822,0.9995268416214138,0.9987358292895288,0.9996228279757118,0.9993964236778705,0.9993116002255158,0.9993039974055782,0.9995088746329863,0.9993965509443304,0.9995633769080309,0.9995635239613241,0.9996712002587465,0.9993929415776082,0.9999999999999992,0.9994179442007527,0.9996112319012291,0.999524526532112,0.99950692877365,0.9996781276562983,0.9990860537817892,0.9996710166316486,0.9990852348536714,0.9997387481303542,0.9991962592811298,0.9993779277138519,0.9991285864320011,0.9993669941615266,0.9995290289958931,0.9995742350313984,0.9994881000601938,0.9997657483490148,0.9997092243849963,0.999526174961469,0.9993607926246121,0.999836708595414,0.9997349576604636,0.9996482157505406,0.9996762372170134,0.999656943392226,0.9996112299048887,0.9992652423283328,0.9991915871811665,0.9992128282842314,0.9991449034637877,0.9994144426234159,0.9991978625433201,0.9994434091910755,0.9994420400518518,0.9991885574840189,0.999551730285481,0.9993696036719525,0.9996116462176143,0.999107487357762,0.9990668653626116,0.9996983998974367,0.998965762065125,0.9988346477517263,0.9983994317201131,0.9985178673510546,0.998694741870173,0.998206900354376,0.9990416059756722,0.9985524924735499,0.9991981469161759,0.9990236857534553,0.9987479163984219,0.9994943530059308,0.9994789132794692,0.999369314732081,0.9996426540573489,0.9997616565911893
85,0.9997908576922254,0.9994002170523445,0.9993475336969072,0.9994977091451371,0.9991319582892237,0.9992384335306023,0.9992463008062037,0.9994641355369148,0.9987975215690296,0.9996819166983096,0.9993947819437685,0.9996622140593843,0.999304416879191,0.9994443090509353,0.9994787974968198,0.9995681237731346,0.9995699915953489,0.9996145729894438,0.9994179442007527,0.9999999999999991,0.9994140592558586,0.9997033275998854,0.9993866364161124,0.9995086527262312,0.9993755160982803,0.999099629097844,0.9996644135113468,0.9990868903411344,0.9997610003891579,0.9991833993231605,0.9995338377652234,0.9991173835626438,0.9993225946128288,0.9996417159277047,0.9995738980693103,0.9994752687838432,0.999762255683055,0.999722470363545,0.999595952377281,0.9994041563229217,0.9998426242056636,0.9997182488981379,0.9997750337017374,0.999663019300746,0.9996191950036055,0.9993953425643891,0.9992937287182836,0.9991909324857648,0.9992257222866456,0.9991108833488773,0.9993942796465566,0.9992289723191652,0.9995422614361762,0.9995195423689383,0.999489123894231,0.9994513401604479,0.9994433044595099,0.9994241574991853,0.9990657368545868,0.9991498881288763,0.9996225935364174,0.9990092503674438,0.9983320027576281,0.998386290288019,0.9985424554640473,0.998681037226249,0.9985287289556217,0.9989551403819211,0.9985445588840933,0.9993815213109232,0.9989445498369416,0.9996541258311109,0.9995828977995219,0.9994788622271845,0.9993661127967075,0.9996388357213069
93,0.9996568378693105,0.9997703847446378,0.9990510385351774,0.9993439389589878,0.9995086949290836,0.9990567060426276,0.9991925828699939,0.9992463710711768,0.9994901074225719,0.998774722924275,0.9997662946312689,0.9995761522708305,0.9995173683214618,0.9993132658644787,0.9996189065032397,0.9994816720531782,0.9995805367768159,0.9995905247420119,0.9996112319012291,0.9994140592558586,0.9999999999999991,0.9993147993905847,0.9997099315851096,0.999384804810495,0.9993878036819561,0.9993800664425363,0.9991502391342706,0.9996596374871435,0.999072723669161,0.9997095345356213,0.9992046859304933,0.9996638342369382,0.999121833784453,0.9994780094129907,0.9996549060430354,0.9995840203158888,0.999475518727472,0.9997307685675374,0.9997241424448318,0.9995790675225428,0.9994553593580893,0.99988498484107,0.9997061584212117,0.9996712876096188,0.9995500919216453,0.9992439324826906,0.9993529216913716,0.9992195911540412,0.9991863700205564,0.9992263203271342,0.9990399571788524,0.9994052947872628,0.9992130855273255,0.9994495783406877,0.9997295153533233,0.99944360836974,0.9994458846946366,0.999097220441002,0.9994585209012706,0.9990812112304148,0.9989909879168969,0.999618199734307,0.9981503255143624,0.9982983813515339,0.9985209628459185,0.998541438100605,0.9988821311205671,0.998547788243028,0.9988796919840857,0.9985910534440912,0.9993633754658258,0.9995734283954545,0.9995997857470555,0.9995778882623245,0.9995021299518849,0.9993811515001352
98,0.9996793917515495,0.9994342430962153,0.9997673431033236,0.9992552083142408,0.9993143331945709,0.9990601195776894,0.9990963144852053,0.9990634250649497,0.9990755605659876,0.9994635968517125,0.9989051841669722,0.9997414525300212,0.9995993451662409,0.9994153833151418,0.9996926419510136,0.9994500191443066,0.9996886492273518,0.9995169542486624,0.999524526532112,0.9997033275998854,0.9993147993905847,0.9999999999999993,0.9991588911575945,0.9996681106197605,0.9989415277286773,0.9992383275986322,0.9994744550464877,0.9991656466658745,0.9996366025635623,0.9992091253748716,0.9996734189753687,0.9993412218169062,0.9995646390676292,0.9997434456654091,0.9995744928264197,0.9996483547328728,0.999537252798564,0.9995007557815268,0.9996656813987346,0.9996920831743541,0.9997237836182469,0.9995096897678747,0.9998631660316026,0.9997723157213002,0.9997953736352463,0.9996260584752826,0.9992525115865414,0.999412259487784,0.9991693606937512,0.999075668004465,0.9993606716846664,0.9988820860485531,0.9993768140826587,0.9992136193650307,0.9992174414557344,0.9993741618999743,0.9993941535295137,0.9995142056713087,0.9990839169711783,0.9993705132736292,0.9992508510402754,0.99893031664143,0.9993124485734006,0.9984208052617953,0.9985111272687878,0.9983930367268685,0.9984140809999743,0.9987854090112168,0.9986248366424649,0.9988366410254773,0.9983825707763222,0.9996225596431785,0.9995667211969159,0.9997030150204957,0.9996610762881034,0.999568371055117
99,0.9995630778967809,0.9997185751228987,0.9988495331998454,0.9995474059585754,0.9992178937212451,0.999420132363444,0.9989103512584229,0.9991000535208859,0.999184767990707,0.999025410672959,0.9994122951182042,0.9992454241474775,0.9994695737298246,0.9995937157897927,0.9993348200024954,0.9997580157455742,0.999251620186751,0.9996734016299502,0.99950692877365,0.9993866364161124,0.9997099315851096,0.9991588911575945,0.9999999999999991,0.9991231296624141,0.9996427887819223,0.9989985150483031,0.9991674670621928,0.9993926070822672,0.9991085979099585,0.9993980769167852,0.9992650840920868,0.9996734903717104,0.9993363282859424,0.9992932886708003,0.9996244971976069,0.9995221926549331,0.9996167240114968,0.9994180720677661,0.9995156736101659,0.9996206756590283,0.9995901579447724,0.9996671865846466,0.9994989319049432,0.9996077102792685,0.9994517103339496,0.999090297795649,0.9995112522247306,0.9990463919640625,0.999383884543925,0.9991723802350936,0.9988102445770527,0.999439925113558,0.9988594067839702,0.9992229565233652,0.9997231652067682,0.9993119396135877,0.9993699121213657,0.9987454069413275,0.9994863745432623,0.9991395102687044,0.9989398558485925,0.9992434622197953,0.9977503576998957,0.9989980328298513,0.9983862745246315,0.9985334670826771,0.9988228680328848,0.9984087507003623,0.9985614735029491,0.9987306944720544,0.9988681292800157,0.9993366202371866,0.9995289776425815,0.9994191200543132,0.9996058968999485,0.9995653971032207
104,0.9995008948098266,0.999523222600495,0.9994353761028296,0.9988547567875069,0.9995505842949491,0.9991155130227533,0.9993940500052172,0.9988915313234972,0.9991324862127079,0.9991863921023926,0.9990891336866693,0.9996367684858934,0.999147273037242,0.9994570753065168,0.9997503396909639,0.9993354873372222,0.9997760042867907,0.9992504963952087,0.9996781276562983,0.9995086527262312,0.999384804810495,0.9996681106197605,0.9991231296624141,0.9999999999999992,0.9989454216468219,0.9996475921973338,0.9990364337709916,0.9991669509360293,0.9993901825292291,0.9990748700495354,0.9994569292566483,0.9993581362749411,0.9996635667114933,0.9994945090285756,0.999306926928796,0.9996297612463998,0.9995220682989779,0.9996010711325927,0.9994386736005603,0.9995169577772722,0.9996638543851097,0.9996184477504982,0.9996951333935816,0.999426771793975,0.9995239185892187,0.9991347413900955,0.9990707922852494,0.9994629425009663,0.9990473448619137,0.9993738296469765,0.9991229708171809,0.9988241463311651,0.9994573150495749,0.9988182486328213,0.999447807372155,0.9996559981382533,0.9993290854904568,0.9990808616102411,0.9987593599204163,0.9995196605418142,0.9990144284234824,0.9989490961630203,0.9984994718867783,0.9977325919619373,0.9991064744142111,0.998380243676544,0.9987609400941723,0.9988115878386031,0.998358073088702,0.9986452100117352,0.9986924979972166,0.999565474507476,0.9993249844233393,0.9995302069948275,0.9994386321174887,0.9996190553030871
106,0.9991814741196853,0.9994644153793294,0.9986057728238744,0.9990321572580818,0.9986983951940431,0.9996162941549093,0.9987688365248931,0.999313717207423,0.9988757004641978,0.9988833516323443,0.9990373217529174,0.9992067679159848,0.9990962750067969,0.999061515108253,0.9992567069368119,0.9996963741894968,0.9989627701810885,0.9996785445966272,0.9990860537817892,0.9993755160982803,0.9993878036819561,0.9989415277286773,0.9996427887819223,0.9989454216468219,0.9999999999999991,0.9988756838136341,0.999460463376493,0.9988009760491778,0.9989414063216482,0.9989494698529535,0.9989062931822452,0.9994016722794838,0.9992558771084857,0.9991969774869587,0.9992244324137406,0.9991261045994088,0.9994619568039393,0.9992180938736737,0.9994361928708471,0.9992105922757786,0.9992829178819904,0.9994974387673653,0.999372339932546,0.9992064657011145,0.9988721853124441,0.9984949833123903,0.9988192435174994,0.998648745519424,0.9992843870088091,0.9989450646783633,0.9988951054908612,0.9990706550305339,0.9985826727121028,0.9990308428951868,0.9991947136219621,0.9994828012964139,0.9994609656307655,0.9983627455231111,0.9989643264644392,0.9986417781280844,0.998834283021439,0.9988388982419114,0.99730010315359,0.9979761861860319,0.9976111666045753,0.9990118267005222,0.9986391079812902,0.998697361185298,0.9983724629070426,0.998243498447011,0.9986017156596476,0.9993806242670357,0.9992245565064483,0.9990101793598982,0.9992942140766261,0.9992005823716864
107,0.999160834079486,0.9991766716722212,0.9990822232264793,0.9986283976942161,0.9990623335375086,0.998629111783838,0.999568049991507,0.9987923609187986,0.9993219744107642,0.9988340698224283,0.999013609200003,0.9991517514073326,0.9990340970537196,0.9991339363818603,0.9992970915332375,0.9992562041485797,0.9997377875262039,0.9990155885785408,0.9996710166316486,0.999099629097844,0.9993800664425363,0.9992383275986322,0.9989985150483031,0.9996475921973338,0.9988756838136341,0.9999999999999993,0.9989616675051329,0.9994661298601752,0.9987840460071125,0.9989023175810736,0.998928489957926,0.9990989556654828,0.999426636480514,0.9994755139644469,0.9992329081624843,0.9992526645380545,0.9991350608297737,0.9994299908582647,0.9992008456466922,0.9994073866710607,0.9992968689615985,0.9993587428719339,0.9994453646464768,0.9992607015677151,0.9990966255944338,0.9984872118495892,0.9984421956851288,0.998740431178099,0.9986453139413527,0.9992997103645287,0.9988834238490829,0.9988963461719067,0.9990233187428823,0.998447197194804,0.999183243156321,0.9991552936949201,0.999456233528173,0.9991018698485288,0.998431880482329,0.9989581069219258,0.9984904827405922,0.9988191339506927,0.9979069176781622,0.9972947012585559,0.998168056469646,0.9976156331980156,0.999153773337778,0.9986982203153907,0.9986208999181451,0.9983733223618346,0.9982432644494112,0.9991109069195285,0.9992895023140855,0.9992376118256426,0.9990589770353668,0.9993313554755676
109,0.9992905153523668,0.9991671072363594,0.998951030472511,0.9990413430855478,0.9986426507736291,0.9990559591220214,0.9986389398444184,0.9995662080613403,0.9989413791952049,0.9994099863410166,0.9988366965747577,0.9994614826826504,0.9991303949214259,0.9990240106597305,0.9991701462238545,0.9993794962297611,0.999224488300138,0.9997270177033583,0.9990852348536714,0.9996644135113468,0.9991502391342706,0.9994744550464877,0.9991674670621928,0.9990364337709916,0.999460463376493,0.9989616675051329,0.9999999999999992,0.9989807215993272,0.9995165405427943,0.9987374925761617,0.999106753570068,0.998931116111802,0.9991080401230374,0.9994135027576512,0.9994716410042267,0.9992475422949755,0.9992872194850773,0.9991562300009158,0.9995478651313192,0.9992756118099724,0.9994048664444354,0.9992966826957835,0.9995193928663189,0.99940687644023,0.9991757593203158,0.998770764302611,0.9985267678299063,0.9984268338805586,0.9987920332481504,0.9986679379080735,0.9992409657491516,0.9989922383113099,0.9990285832780352,0.9991038740212167,0.99891477476277,0.9992010206067976,0.999270475486314,0.9991700489418026,0.9990945079882555,0.9985743602840483,0.9988067308046373,0.998577604056734,0.9981843736204136,0.9978224594138432,0.9973121636223512,0.9982170560011319,0.9980703164620577,0.9991216096351976,0.9986692104487177,0.9988629988722681,0.9983744233035305,0.9993034108295944,0.9992154150200101,0.999279048827405,0.9992375578692604,0.9990614558200264
